YEAR,MO,DY,T2M
1981,1,10,24.98
1981,1,11,23.56
1981,1,12,23.14
1981,1,13,22.58
1981,1,14,23.19
1981,1,15,25.51
1981,1,16,25.9
1981,1,17,24.59
1981,1,18,24.64
1981,1,19,24.76
1981,1,20,24.7
1981,1,21,25.28
1981,1,22,25.9
1981,1,23,25.98
1981,1,24,26.96
1981,1,25,25.48
1981,1,26,25.53
1981,1,27,25.28
1981,1,28,25.78
1981,1,29,26.67
1981,1,30,27.29
1981,1,31,27.39
1981,2,1,27.73
1981,2,2,27.98
1981,2,3,28.14
1981,2,4,28.78
1981,2,5,28.68
1981,2,6,28.21
1981,2,7,27.4
1981,2,8,26.99
1981,2,9,26.7
1981,2,10,27.34
1981,2,11,27.78
1981,2,12,26.01
1981,2,13,26.15
1981,2,14,27.91
1981,2,15,26.46
1981,2,16,27.78
1981,2,17,28.1
1981,2,18,27.95
1981,2,19,28.19
1981,2,20,28.61
1981,2,21,28.21
1981,2,22,28.53
1981,2,23,29.19
1981,2,24,28.93
1981,2,25,29.6
1981,2,26,28.65
1981,2,27,29.19
1981,2,28,29.01
1981,3,1,29.47
1981,3,2,30.12
1981,3,3,29.38
1981,3,4,29.08
1981,3,5,29.44
1981,3,6,29.27
1981,3,7,29.4
1981,3,8,28.54
1981,3,9,30.07
1981,3,10,30.19
1981,3,11,29.8
1981,3,12,29.3
1981,3,13,29.46
1981,3,14,29.07
1981,3,15,29.26
1981,3,16,28.95
1981,3,17,28.7
1981,3,18,28.93
1981,3,19,29.23
1981,3,20,30.16
1981,3,21,29.8
1981,3,22,29.63
1981,3,23,28.26
1981,3,24,28.91
1981,3,25,29.79
1981,3,26,29.47
1981,3,27,29.12
1981,3,28,30.41
1981,3,29,30.27
1981,3,30,30.58
1981,3,31,29.96
1981,4,1,30.01
1981,4,2,29.18
1981,4,3,30.76
1981,4,4,29.64
1981,4,5,30.37
1981,4,6,29.48
1981,4,7,28.96
1981,4,8,29.84
1981,4,9,30.33
1981,4,10,30.27
1981,4,11,30.22
1981,4,12,29.71
1981,4,13,28.81
1981,4,14,28.12
1981,4,15,29.15
1981,4,16,29.59
1981,4,17,29.34
1981,4,18,28.87
1981,4,19,27.95
1981,4,20,30.08
1981,4,21,30.08
1981,4,22,28.59
1981,4,23,29.42
1981,4,24,30.92
1981,4,25,31.04
1981,4,26,29.76
1981,4,27,28.8
1981,4,28,28.58
1981,4,29,28.19
1981,4,30,28.45
1981,5,1,28.84
1981,5,2,30
1981,5,3,28.73
1981,5,4,26.63
1981,5,5,27.45
1981,5,6,28.4
1981,5,7,28.06
1981,5,8,27.98
1981,5,9,29.04
1981,5,10,29.51
1981,5,11,27.97
1981,5,12,28.01
1981,5,13,28.69
1981,5,14,26.98
1981,5,15,26.39
1981,5,16,25.87
1981,5,17,27.83
1981,5,18,26.4
1981,5,19,26.78
1981,5,20,27.55
1981,5,21,27.72
1981,5,22,27.01
1981,5,23,26.87
1981,5,24,27.64
1981,5,25,26.44
1981,5,26,27.23
1981,5,27,28.52
1981,5,28,27.84
1981,5,29,27.52
1981,5,30,26.76
1981,5,31,28.08
1981,6,1,28.01
1981,6,2,28.62
1981,6,3,25.31
1981,6,4,25.08
1981,6,5,24.54
1981,6,6,25.49
1981,6,7,24.67
1981,6,8,24.11
1981,6,9,23.69
1981,6,10,24.06
1981,6,11,23.99
1981,6,12,24.23
1981,6,13,25.54
1981,6,14,24.33
1981,6,15,25.3
1981,6,16,25.43
1981,6,17,24.47
1981,6,18,23.46
1981,6,19,24.94
1981,6,20,24.37
1981,6,21,23.94
1981,6,22,24.3
1981,6,23,24.37
1981,6,24,25.23
1981,6,25,25.96
1981,6,26,26.09
1981,6,27,24.16
1981,6,28,25.87
1981,6,29,26.49
1981,6,30,26.44
1981,7,1,26.29
1981,7,2,25.65
1981,7,3,23.83
1981,7,4,24.51
1981,7,5,25.15
1981,7,6,26.64
1981,7,7,26.82
1981,7,8,26.26
1981,7,9,25.22
1981,7,10,25.07
1981,7,11,26.76
1981,7,12,25.54
1981,7,13,25.9
1981,7,14,24.66
1981,7,15,25.9
1981,7,16,25.99
1981,7,17,26.58
1981,7,18,24.52
1981,7,19,24.56
1981,7,20,24.65
1981,7,21,25.01
1981,7,22,24.86
1981,7,23,25.37
1981,7,24,25.25
1981,7,25,25.45
1981,7,26,25.64
1981,7,27,24.8
1981,7,28,25.4
1981,7,29,25.74
1981,7,30,25.92
1981,7,31,25.31
1981,8,1,25.08
1981,8,2,24.6
1981,8,3,24.65
1981,8,4,23.25
1981,8,5,23.67
1981,8,6,23.9
1981,8,7,23.43
1981,8,8,24.16
1981,8,9,23.83
1981,8,10,23.73
1981,8,11,24.68
1981,8,12,25.05
1981,8,13,24.4
1981,8,14,24.34
1981,8,15,24.23
1981,8,16,24.23
1981,8,17,24.15
1981,8,18,24.44
1981,8,19,24.87
1981,8,20,24.73
1981,8,21,24.87
1981,8,22,25.23
1981,8,23,26.8
1981,8,24,26.49
1981,8,25,25.76
1981,8,26,25.01
1981,8,27,24.66
1981,8,28,26.6
1981,8,29,25.58
1981,8,30,24.66
1981,8,31,26.26
1981,9,1,26.36
1981,9,2,27.13
1981,9,3,25.94
1981,9,4,25.36
1981,9,5,25.26
1981,9,6,26.64
1981,9,7,26.14
1981,9,8,26.1
1981,9,9,26.8
1981,9,10,26.88
1981,9,11,27.62
1981,9,12,28.5
1981,9,13,27.23
1981,9,14,26.47
1981,9,15,26.89
1981,9,16,26.44
1981,9,17,25.55
1981,9,18,26.9
1981,9,19,25.02
1981,9,20,24.3
1981,9,21,24.43
1981,9,22,24.75
1981,9,23,24.09
1981,9,24,25.97
1981,9,25,25.12
1981,9,26,24.9
1981,9,27,24.59
1981,9,28,24.96
1981,9,29,25.27
1981,9,30,24.83
1981,10,1,24.75
1981,10,2,24.5
1981,10,3,24.98
1981,10,4,24.25
1981,10,5,24.51
1981,10,6,25.74
1981,10,7,25.62
1981,10,8,26
1981,10,9,25.82
1981,10,10,25.28
1981,10,11,23.83
1981,10,12,25.45
1981,10,13,25.41
1981,10,14,23.26
1981,10,15,24.99
1981,10,16,23.9
1981,10,17,24.92
1981,10,18,25.42
1981,10,19,26.97
1981,10,20,27.22
1981,10,21,26.73
1981,10,22,27.09
1981,10,23,27.74
1981,10,24,27.23
1981,10,25,25.79
1981,10,26,25.31
1981,10,27,25.83
1981,10,28,25.27
1981,10,29,24.8
1981,10,30,25.58
1981,10,31,24.53
1981,11,1,25.19
1981,11,2,25.69
1981,11,3,25.39
1981,11,4,26.45
1981,11,5,25.48
1981,11,6,22.44
1981,11,7,23.34
1981,11,8,23.63
1981,11,9,24.29
1981,11,10,23.82
1981,11,11,24.49
1981,11,12,24.68
1981,11,13,24.82
1981,11,14,23.98
1981,11,15,25.21
1981,11,16,25.08
1981,11,17,25.1
1981,11,18,25.83
1981,11,19,26.72
1981,11,20,27.15
1981,11,21,26.4
1981,11,22,25.83
1981,11,23,25.55
1981,11,24,26.23
1981,11,25,25.09
1981,11,26,25.82
1981,11,27,26.83
1981,11,28,25.53
1981,11,29,25.54
1981,11,30,25.39
1981,12,1,24.94
1981,12,2,26.97
1981,12,3,27.18
1981,12,4,27.51
1981,12,5,26.89
1981,12,6,26.27
1981,12,7,22.9
1981,12,8,25.16
1981,12,9,25.46
1981,12,10,26.49
1981,12,11,26.8
1981,12,12,26.52
1981,12,13,25.44
1981,12,14,26.1
1981,12,15,26.59
1981,12,16,26.15
1981,12,17,24.98
1981,12,18,24.98
1981,12,19,24.61
1981,12,20,23.65
1981,12,21,23.1
1981,12,22,23.48
1981,12,23,24.48
1981,12,24,24.48
1981,12,25,24.43
1981,12,26,25.76
1981,12,27,25.77
1981,12,28,26.25
1981,12,29,26.65
1981,12,30,27.37
1981,12,31,27.91
1982,1,1,26.54
1982,1,2,25.74
1982,1,3,26.33
1982,1,4,26.65
1982,1,5,26.7
1982,1,6,26.04
1982,1,7,25.83
1982,1,8,24.69
1982,1,9,23.88
1982,1,10,23.83
1982,1,11,24.65
1982,1,12,25.82
1982,1,13,25.32
1982,1,14,25.08
1982,1,15,23.43
1982,1,16,24.11
1982,1,17,23.73
1982,1,18,24.75
1982,1,19,25.39
1982,1,20,25.06
1982,1,21,24.8
1982,1,22,24.71
1982,1,23,25.35
1982,1,24,25.88
1982,1,25,25.98
1982,1,26,25.68
1982,1,27,24.47
1982,1,28,25.67
1982,1,29,26.24
1982,1,30,26.19
1982,1,31,26.98
1982,2,1,27.46
1982,2,2,27.51
1982,2,3,27.32
1982,2,4,27.88
1982,2,5,27.4
1982,2,6,26.44
1982,2,7,27.04
1982,2,8,27.58
1982,2,9,28.75
1982,2,10,28.37
1982,2,11,27.59
1982,2,12,27.85
1982,2,13,28.62
1982,2,14,28.26
1982,2,15,25.51
1982,2,16,26.29
1982,2,17,26.12
1982,2,18,26.09
1982,2,19,27.69
1982,2,20,28.23
1982,2,21,28.62
1982,2,22,29.03
1982,2,23,29.09
1982,2,24,29.76
1982,2,25,29.51
1982,2,26,29.68
1982,2,27,29.63
1982,2,28,30.28
1982,3,1,29.62
1982,3,2,29.46
1982,3,3,29.24
1982,3,4,29.3
1982,3,5,28.55
1982,3,6,28.41
1982,3,7,28.19
1982,3,8,28.3
1982,3,9,27.83
1982,3,10,29.26
1982,3,11,29.18
1982,3,12,28.97
1982,3,13,28.91
1982,3,14,28.51
1982,3,15,29.12
1982,3,16,28.62
1982,3,17,29.32
1982,3,18,28.63
1982,3,19,28.42
1982,3,20,28.14
1982,3,21,28.82
1982,3,22,29.37
1982,3,23,29.8
1982,3,24,30.24
1982,3,25,28.33
1982,3,26,28.87
1982,3,27,27.84
1982,3,28,29.37
1982,3,29,29.04
1982,3,30,28.92
1982,3,31,26.1
1982,4,1,28.12
1982,4,2,29.28
1982,4,3,28.02
1982,4,4,26.97
1982,4,5,29.59
1982,4,6,30.3
1982,4,7,30.1
1982,4,8,28.52
1982,4,9,30.15
1982,4,10,30.93
1982,4,11,30.77
1982,4,12,29.53
1982,4,13,28.58
1982,4,14,29.72
1982,4,15,28.93
1982,4,16,28.55
1982,4,17,26.41
1982,4,18,29.4
1982,4,19,29.8
1982,4,20,30.48
1982,4,21,30.87
1982,4,22,29.26
1982,4,23,29.63
1982,4,24,29.45
1982,4,25,29.61
1982,4,26,27.99
1982,4,27,29.92
1982,4,28,28.08
1982,4,29,29.43
1982,4,30,29.4
1982,5,1,31.21
1982,5,2,30.13
1982,5,3,30.39
1982,5,4,29.07
1982,5,5,29.36
1982,5,6,30.17
1982,5,7,30.84
1982,5,8,28.23
1982,5,9,29.11
1982,5,10,29.49
1982,5,11,28.9
1982,5,12,28.98
1982,5,13,28.77
1982,5,14,29.58
1982,5,15,30.2
1982,5,16,29.85
1982,5,17,29.39
1982,5,18,28.17
1982,5,19,28.87
1982,5,20,29.4
1982,5,21,29.06
1982,5,22,27.44
1982,5,23,28.5
1982,5,24,29.62
1982,5,25,31.08
1982,5,26,30.99
1982,5,27,30.27
1982,5,28,30.24
1982,5,29,28.82
1982,5,30,29.29
1982,5,31,30.19
1982,6,1,29.83
1982,6,2,30.16
1982,6,3,28.16
1982,6,4,28.82
1982,6,5,27.76
1982,6,6,28.46
1982,6,7,26.73
1982,6,8,25.76
1982,6,9,26.1
1982,6,10,26.59
1982,6,11,26.49
1982,6,12,27.84
1982,6,13,28.23
1982,6,14,25.95
1982,6,15,25.73
1982,6,16,25.5
1982,6,17,26.89
1982,6,18,27.44
1982,6,19,25.85
1982,6,20,28.33
1982,6,21,28.37
1982,6,22,28.12
1982,6,23,27.06
1982,6,24,27.55
1982,6,25,27.63
1982,6,26,25.95
1982,6,27,26.5
1982,6,28,25.69
1982,6,29,27.24
1982,6,30,28.48
1982,7,1,28.49
1982,7,2,28.09
1982,7,3,27.83
1982,7,4,26.86
1982,7,5,27.48
1982,7,6,27.33
1982,7,7,26.55
1982,7,8,26.19
1982,7,9,28.32
1982,7,10,28.64
1982,7,11,29.14
1982,7,12,27.61
1982,7,13,26.03
1982,7,14,26.54
1982,7,15,26.44
1982,7,16,26.09
1982,7,17,26.02
1982,7,18,25.97
1982,7,19,27.65
1982,7,20,25.04
1982,7,21,26.43
1982,7,22,26.27
1982,7,23,27.9
1982,7,24,28.4
1982,7,25,26.76
1982,7,26,25.75
1982,7,27,25.56
1982,7,28,25.88
1982,7,29,27.86
1982,7,30,27.82
1982,7,31,27.41
1982,8,1,28.14
1982,8,2,28.33
1982,8,3,29.03
1982,8,4,29.37
1982,8,5,28.02
1982,8,6,27.31
1982,8,7,27.23
1982,8,8,27.06
1982,8,9,26.4
1982,8,10,26.22
1982,8,11,25.73
1982,8,12,26.47
1982,8,13,27.89
1982,8,14,28.12
1982,8,15,27.4
1982,8,16,26.43
1982,8,17,26.07
1982,8,18,28.95
1982,8,19,28.94
1982,8,20,27.08
1982,8,21,26.81
1982,8,22,28.23
1982,8,23,27.18
1982,8,24,27.43
1982,8,25,27.38
1982,8,26,27.98
1982,8,27,27.13
1982,8,28,26.4
1982,8,29,26.57
1982,8,30,27.02
1982,8,31,26.15
1982,9,1,26.3
1982,9,2,24.83
1982,9,3,24.48
1982,9,4,25.65
1982,9,5,24.15
1982,9,6,23.89
1982,9,7,24.21
1982,9,8,25.42
1982,9,9,25.51
1982,9,10,25.44
1982,9,11,26.87
1982,9,12,26.9
1982,9,13,26.26
1982,9,14,25.71
1982,9,15,25.52
1982,9,16,26.79
1982,9,17,28.01
1982,9,18,27.33
1982,9,19,27.08
1982,9,20,26.61
1982,9,21,26.97
1982,9,22,24.51
1982,9,23,25.02
1982,9,24,26.21
1982,9,25,24.8
1982,9,26,25.82
1982,9,27,27.17
1982,9,28,24.84
1982,9,29,26.01
1982,9,30,26.82
1982,10,1,25.73
1982,10,2,27.43
1982,10,3,28.42
1982,10,4,27.48
1982,10,5,27.31
1982,10,6,28.01
1982,10,7,27.15
1982,10,8,27.41
1982,10,9,26.32
1982,10,10,27.46
1982,10,11,28.18
1982,10,12,27.95
1982,10,13,29.08
1982,10,14,28.8
1982,10,15,28.53
1982,10,16,25.55
1982,10,17,26.74
1982,10,18,27.86
1982,10,19,26.29
1982,10,20,26.3
1982,10,21,25.59
1982,10,22,26.16
1982,10,23,26.88
1982,10,24,26.75
1982,10,25,27.65
1982,10,26,28.23
1982,10,27,29.06
1982,10,28,28.53
1982,10,29,29.7
1982,10,30,29.58
1982,10,31,29.36
1982,11,1,29.3
1982,11,2,29.08
1982,11,3,27.43
1982,11,4,27.77
1982,11,5,27.95
1982,11,6,26.13
1982,11,7,26.3
1982,11,8,27.92
1982,11,9,26.43
1982,11,10,27.21
1982,11,11,26.99
1982,11,12,27.72
1982,11,13,27.69
1982,11,14,27.06
1982,11,15,27.87
1982,11,16,28.19
1982,11,17,28.94
1982,11,18,28.36
1982,11,19,28.62
1982,11,20,28.62
1982,11,21,29.36
1982,11,22,29.88
1982,11,23,27.97
1982,11,24,27.28
1982,11,25,29
1982,11,26,29.86
1982,11,27,29.65
1982,11,28,28.18
1982,11,29,28.94
1982,11,30,30.15
1982,12,1,30.55
1982,12,2,29.21
1982,12,3,28.84
1982,12,4,29.01
1982,12,5,28.79
1982,12,6,29.2
1982,12,7,29.1
1982,12,8,28.05
1982,12,9,28.51
1982,12,10,27.77
1982,12,11,27.09
1982,12,12,27.6
1982,12,13,27.23
1982,12,14,27.8
1982,12,15,28.24
1982,12,16,28.01
1982,12,17,27.8
1982,12,18,26.22
1982,12,19,25.3
1982,12,20,25.23
1982,12,21,26.58
1982,12,22,27.27
1982,12,23,28.27
1982,12,24,28.72
1982,12,25,28.62
1982,12,26,26.9
1982,12,27,25.65
1982,12,28,26.49
1982,12,29,25.85
1982,12,30,26.31
1982,12,31,27.46
1983,1,1,28.3
1983,1,2,28.65
1983,1,3,28.94
1983,1,4,28.55
1983,1,5,29.1
1983,1,6,29.38
1983,1,7,29.37
1983,1,8,29.47
1983,1,9,30.15
1983,1,10,28.26
1983,1,11,27.73
1983,1,12,27.92
1983,1,13,28.52
1983,1,14,28.31
1983,1,15,28.99
1983,1,16,29.02
1983,1,17,29.67
1983,1,18,29.03
1983,1,19,28.2
1983,1,20,27.81
1983,1,21,28.09
1983,1,22,26.55
1983,1,23,25.48
1983,1,24,25.02
1983,1,25,23.99
1983,1,26,24.24
1983,1,27,24.98
1983,1,28,26.15
1983,1,29,27.16
1983,1,30,27.66
1983,1,31,27.83
1983,2,1,28.14
1983,2,2,28.7
1983,2,3,28.5
1983,2,4,28.05
1983,2,5,27.87
1983,2,6,27.64
1983,2,7,27.32
1983,2,8,27.98
1983,2,9,28.56
1983,2,10,27.33
1983,2,11,27.49
1983,2,12,27.58
1983,2,13,29.04
1983,2,14,28.89
1983,2,15,28.33
1983,2,16,28.15
1983,2,17,28.08
1983,2,18,27.59
1983,2,19,28.28
1983,2,20,28.51
1983,2,21,29.3
1983,2,22,29.69
1983,2,23,29.53
1983,2,24,28.55
1983,2,25,29.05
1983,2,26,29.78
1983,2,27,28.67
1983,2,28,28.58
1983,3,1,28.24
1983,3,2,28.51
1983,3,3,28.55
1983,3,4,29.37
1983,3,5,29.13
1983,3,6,29.37
1983,3,7,29.43
1983,3,8,29.89
1983,3,9,29.6
1983,3,10,29.05
1983,3,11,29.49
1983,3,12,29.19
1983,3,13,29.74
1983,3,14,29.8
1983,3,15,29.59
1983,3,16,29.87
1983,3,17,29.9
1983,3,18,30.83
1983,3,19,30.98
1983,3,20,30.6
1983,3,21,29.79
1983,3,22,30.13
1983,3,23,30.48
1983,3,24,29.8
1983,3,25,28.96
1983,3,26,28.94
1983,3,27,29.05
1983,3,28,29.58
1983,3,29,29.03
1983,3,30,29.44
1983,3,31,30.58
1983,4,1,30.36
1983,4,2,30.23
1983,4,3,29.55
1983,4,4,28.99
1983,4,5,29.94
1983,4,6,29.36
1983,4,7,29.33
1983,4,8,29.95
1983,4,9,30.29
1983,4,10,29.98
1983,4,11,30.58
1983,4,12,29.81
1983,4,13,30.31
1983,4,14,30.14
1983,4,15,30.49
1983,4,16,29.47
1983,4,17,29.8
1983,4,18,29.86
1983,4,19,30.05
1983,4,20,30.63
1983,4,21,30.22
1983,4,22,30.12
1983,4,23,30.05
1983,4,24,30.43
1983,4,25,30.35
1983,4,26,30.66
1983,4,27,29.66
1983,4,28,30.98
1983,4,29,28.64
1983,4,30,27.98
1983,5,1,29.01
1983,5,2,29.96
1983,5,3,30.18
1983,5,4,30.3
1983,5,5,30.38
1983,5,6,28.94
1983,5,7,28.27
1983,5,8,30.32
1983,5,9,27.68
1983,5,10,28.67
1983,5,11,30.32
1983,5,12,30.2
1983,5,13,31.3
1983,5,14,31.34
1983,5,15,31.48
1983,5,16,30.37
1983,5,17,29.6
1983,5,18,30.78
1983,5,19,30.06
1983,5,20,30.3
1983,5,21,31.66
1983,5,22,30.3
1983,5,23,29.31
1983,5,24,28.43
1983,5,25,28.74
1983,5,26,27.79
1983,5,27,25.8
1983,5,28,26.59
1983,5,29,25.57
1983,5,30,27.23
1983,5,31,28.23
1983,6,1,29.6
1983,6,2,28.73
1983,6,3,29.26
1983,6,4,28.78
1983,6,5,28.59
1983,6,6,27.11
1983,6,7,24.78
1983,6,8,24.08
1983,6,9,24.17
1983,6,10,25.1
1983,6,11,26.34
1983,6,12,28.61
1983,6,13,29.73
1983,6,14,29.86
1983,6,15,29.62
1983,6,16,30.03
1983,6,17,29.49
1983,6,18,29.75
1983,6,19,28.02
1983,6,20,27.94
1983,6,21,27.31
1983,6,22,25.83
1983,6,23,25.76
1983,6,24,24.26
1983,6,25,23.75
1983,6,26,24.41
1983,6,27,24.98
1983,6,28,24.73
1983,6,29,25.94
1983,6,30,27.02
1983,7,1,26.92
1983,7,2,27.58
1983,7,3,27.18
1983,7,4,27.03
1983,7,5,27.25
1983,7,6,27.15
1983,7,7,26.52
1983,7,8,25.53
1983,7,9,25.8
1983,7,10,25.2
1983,7,11,25.91
1983,7,12,25.44
1983,7,13,25.49
1983,7,14,26.02
1983,7,15,26.48
1983,7,16,25.04
1983,7,17,23.44
1983,7,18,24.69
1983,7,19,26.23
1983,7,20,27.19
1983,7,21,26.08
1983,7,22,27.33
1983,7,23,26.48
1983,7,24,26.26
1983,7,25,26.15
1983,7,26,26.48
1983,7,27,27.44
1983,7,28,26.88
1983,7,29,25.53
1983,7,30,26.58
1983,7,31,27.75
1983,8,1,26.63
1983,8,2,28.2
1983,8,3,28.18
1983,8,4,26.37
1983,8,5,26.32
1983,8,6,26.26
1983,8,7,25.99
1983,8,8,26.9
1983,8,9,26.86
1983,8,10,26.38
1983,8,11,25.08
1983,8,12,25.79
1983,8,13,26.34
1983,8,14,24.5
1983,8,15,24.99
1983,8,16,25.25
1983,8,17,25.08
1983,8,18,25.53
1983,8,19,25.37
1983,8,20,25.05
1983,8,21,25.94
1983,8,22,25.94
1983,8,23,26.65
1983,8,24,26.74
1983,8,25,27
1983,8,26,26.41
1983,8,27,27.51
1983,8,28,25.26
1983,8,29,25.12
1983,8,30,25.9
1983,8,31,27.13
1983,9,1,26.65
1983,9,2,26.17
1983,9,3,27.14
1983,9,4,28.38
1983,9,5,27.37
1983,9,6,25.32
1983,9,7,27.27
1983,9,8,26.55
1983,9,9,27.09
1983,9,10,26.26
1983,9,11,26.48
1983,9,12,25.75
1983,9,13,27.15
1983,9,14,26.55
1983,9,15,26.49
1983,9,16,26.59
1983,9,17,27.43
1983,9,18,26.62
1983,9,19,26.73
1983,9,20,25.79
1983,9,21,26.97
1983,9,22,26.85
1983,9,23,27.19
1983,9,24,25.92
1983,9,25,24.61
1983,9,26,24.86
1983,9,27,24.69
1983,9,28,24.66
1983,9,29,24.31
1983,9,30,24.01
1983,10,1,23.98
1983,10,2,23.33
1983,10,3,23.22
1983,10,4,24.51
1983,10,5,23.6
1983,10,6,24.74
1983,10,7,25.12
1983,10,8,24.5
1983,10,9,24.03
1983,10,10,23.52
1983,10,11,23.78
1983,10,12,23.58
1983,10,13,24.37
1983,10,14,25.05
1983,10,15,24.33
1983,10,16,24.78
1983,10,17,23.6
1983,10,18,24.19
1983,10,19,25.74
1983,10,20,25.77
1983,10,21,25.48
1983,10,22,25.73
1983,10,23,25.8
1983,10,24,24.63
1983,10,25,23.9
1983,10,26,24.81
1983,10,27,23.98
1983,10,28,25.08
1983,10,29,24.63
1983,10,30,24.4
1983,10,31,25.47
1983,11,1,25.44
1983,11,2,26.62
1983,11,3,26.77
1983,11,4,25.33
1983,11,5,26.4
1983,11,6,24.93
1983,11,7,25.98
1983,11,8,25.62
1983,11,9,26.46
1983,11,10,26.59
1983,11,11,27.39
1983,11,12,26.72
1983,11,13,25.61
1983,11,14,25.61
1983,11,15,25.19
1983,11,16,25.15
1983,11,17,25.44
1983,11,18,26.55
1983,11,19,26.52
1983,11,20,26.08
1983,11,21,23.29
1983,11,22,23.92
1983,11,23,22.83
1983,11,24,23.28
1983,11,25,24.88
1983,11,26,23.24
1983,11,27,22.88
1983,11,28,23.44
1983,11,29,24.19
1983,11,30,22.45
1983,12,1,23.68
1983,12,2,24.97
1983,12,3,25.09
1983,12,4,25.19
1983,12,5,25.58
1983,12,6,25.56
1983,12,7,25.55
1983,12,8,26.18
1983,12,9,26.77
1983,12,10,27.1
1983,12,11,27.3
1983,12,12,26.8
1983,12,13,25.08
1983,12,14,26.08
1983,12,15,26.41
1983,12,16,25.9
1983,12,17,26.76
1983,12,18,26.93
1983,12,19,27.16
1983,12,20,27.02
1983,12,21,26.33
1983,12,22,25.36
1983,12,23,25.74
1983,12,24,26
1983,12,25,26.15
1983,12,26,25.92
1983,12,27,26.46
1983,12,28,25.82
1983,12,29,26.79
1983,12,30,26.72
1983,12,31,26.95
1984,1,1,26.9
1984,1,2,26.22
1984,1,3,26.02
1984,1,4,25.77
1984,1,5,25.36
1984,1,6,25.62
1984,1,7,26.03
1984,1,8,24.91
1984,1,9,24.01
1984,1,10,25.7
1984,1,11,26.17
1984,1,12,26.43
1984,1,13,24.81
1984,1,14,24.84
1984,1,15,25.87
1984,1,16,26.53
1984,1,17,26.98
1984,1,18,27.09
1984,1,19,26.64
1984,1,20,27.5
1984,1,21,27.83
1984,1,22,27.61
1984,1,23,27.29
1984,1,24,27.62
1984,1,25,25.98
1984,1,26,25.01
1984,1,27,25.67
1984,1,28,25.02
1984,1,29,26.81
1984,1,30,26.84
1984,1,31,27.62
1984,2,1,27.37
1984,2,2,27.63
1984,2,3,28.28
1984,2,4,28.01
1984,2,5,28.72
1984,2,6,27.78
1984,2,7,25.51
1984,2,8,26.28
1984,2,9,26.59
1984,2,10,28.55
1984,2,11,28.86
1984,2,12,28.73
1984,2,13,27.32
1984,2,14,28.46
1984,2,15,29.04
1984,2,16,28.63
1984,2,17,27.94
1984,2,18,28.45
1984,2,19,28.98
1984,2,20,29.86
1984,2,21,28.53
1984,2,22,28.4
1984,2,23,28.33
1984,2,24,27.11
1984,2,25,28.42
1984,2,26,29.08
1984,2,27,28.83
1984,2,28,28.73
1984,2,29,28.05
1984,3,1,28.05
1984,3,2,28.43
1984,3,3,28.33
1984,3,4,27.3
1984,3,5,26.88
1984,3,6,27.41
1984,3,7,27.8
1984,3,8,27.76
1984,3,9,28.15
1984,3,10,27.81
1984,3,11,28.1
1984,3,12,28.92
1984,3,13,28.48
1984,3,14,29.32
1984,3,15,29
1984,3,16,29.32
1984,3,17,28.47
1984,3,18,28.93
1984,3,19,28.96
1984,3,20,29.33
1984,3,21,29.39
1984,3,22,30.27
1984,3,23,30.55
1984,3,24,30.05
1984,3,25,30.99
1984,3,26,30.62
1984,3,27,31.01
1984,3,28,29.31
1984,3,29,29.02
1984,3,30,29.17
1984,3,31,30.2
1984,4,1,30.37
1984,4,2,30.51
1984,4,3,29.98
1984,4,4,29.94
1984,4,5,30.29
1984,4,6,30.53
1984,4,7,30.34
1984,4,8,29.7
1984,4,9,30.87
1984,4,10,30.47
1984,4,11,30.61
1984,4,12,30
1984,4,13,30.41
1984,4,14,28.79
1984,4,15,28.87
1984,4,16,30.05
1984,4,17,28.19
1984,4,18,28.28
1984,4,19,28.39
1984,4,20,28.8
1984,4,21,29.32
1984,4,22,29.53
1984,4,23,29.48
1984,4,24,28.87
1984,4,25,28.9
1984,4,26,27.98
1984,4,27,29.24
1984,4,28,28.69
1984,4,29,27.8
1984,4,30,27.47
1984,5,1,28.61
1984,5,2,28.02
1984,5,3,27.24
1984,5,4,28.08
1984,5,5,28.78
1984,5,6,26.84
1984,5,7,28.25
1984,5,8,25.43
1984,5,9,27.3
1984,5,10,26.91
1984,5,11,27.81
1984,5,12,28.48
1984,5,13,28.87
1984,5,14,28.43
1984,5,15,29.37
1984,5,16,29.51
1984,5,17,28.76
1984,5,18,26.37
1984,5,19,28.05
1984,5,20,27.89
1984,5,21,28.41
1984,5,22,28.57
1984,5,23,26.46
1984,5,24,25.38
1984,5,25,25.52
1984,5,26,26.78
1984,5,27,25.87
1984,5,28,25.88
1984,5,29,26.22
1984,5,30,26.8
1984,5,31,26.29
1984,6,1,26.23
1984,6,2,27.2
1984,6,3,27.26
1984,6,4,27.79
1984,6,5,26.29
1984,6,6,25.62
1984,6,7,25.08
1984,6,8,25.12
1984,6,9,25.32
1984,6,10,25.46
1984,6,11,25.81
1984,6,12,26.66
1984,6,13,27.46
1984,6,14,26.8
1984,6,15,26.87
1984,6,16,26.37
1984,6,17,26.27
1984,6,18,27.51
1984,6,19,25.37
1984,6,20,24.94
1984,6,21,25.44
1984,6,22,24.48
1984,6,23,25.48
1984,6,24,26.93
1984,6,25,25.83
1984,6,26,24.88
1984,6,27,24.88
1984,6,28,24.69
1984,6,29,24.87
1984,6,30,25.9
1984,7,1,26.1
1984,7,2,25.93
1984,7,3,26.78
1984,7,4,24.78
1984,7,5,24.62
1984,7,6,26.01
1984,7,7,26.45
1984,7,8,25.26
1984,7,9,25.55
1984,7,10,26.29
1984,7,11,27.08
1984,7,12,28.47
1984,7,13,26.83
1984,7,14,28.06
1984,7,15,27.42
1984,7,16,27.8
1984,7,17,28.73
1984,7,18,27.62
1984,7,19,27.2
1984,7,20,26.36
1984,7,21,25.51
1984,7,22,26.4
1984,7,23,25.02
1984,7,24,24.23
1984,7,25,24.99
1984,7,26,24.72
1984,7,27,24.81
1984,7,28,24.03
1984,7,29,24.46
1984,7,30,25.26
1984,7,31,26.01
1984,8,1,26.44
1984,8,2,26.33
1984,8,3,26.62
1984,8,4,26.17
1984,8,5,25.7
1984,8,6,25.75
1984,8,7,25.28
1984,8,8,24.98
1984,8,9,24.98
1984,8,10,23.87
1984,8,11,24.89
1984,8,12,24.96
1984,8,13,24.79
1984,8,14,24.34
1984,8,15,24.37
1984,8,16,24.34
1984,8,17,24.93
1984,8,18,24.76
1984,8,19,24.59
1984,8,20,24.96
1984,8,21,25.89
1984,8,22,26.19
1984,8,23,26.01
1984,8,24,25.5
1984,8,25,25.87
1984,8,26,26.08
1984,8,27,26.48
1984,8,28,24.38
1984,8,29,24.58
1984,8,30,24.55
1984,8,31,23.7
1984,9,1,24.21
1984,9,2,24.62
1984,9,3,24.36
1984,9,4,24.71
1984,9,5,24.8
1984,9,6,25.53
1984,9,7,24.62
1984,9,8,25.35
1984,9,9,25.46
1984,9,10,27.37
1984,9,11,27.08
1984,9,12,26.6
1984,9,13,26.9
1984,9,14,27.11
1984,9,15,27.3
1984,9,16,27.93
1984,9,17,25.4
1984,9,18,25.3
1984,9,19,26.09
1984,9,20,27.07
1984,9,21,26.12
1984,9,22,26.14
1984,9,23,25.53
1984,9,24,26.78
1984,9,25,25.99
1984,9,26,23.6
1984,9,27,24.72
1984,9,28,24.65
1984,9,29,24.93
1984,9,30,23.93
1984,10,1,25.71
1984,10,2,26.58
1984,10,3,26.18
1984,10,4,24.84
1984,10,5,24.89
1984,10,6,24.61
1984,10,7,24.53
1984,10,8,23.57
1984,10,9,24.03
1984,10,10,25.1
1984,10,11,25.76
1984,10,12,24.39
1984,10,13,24.09
1984,10,14,24.44
1984,10,15,24.25
1984,10,16,24.08
1984,10,17,24.97
1984,10,18,24.38
1984,10,19,24.48
1984,10,20,24.45
1984,10,21,24.69
1984,10,22,25.07
1984,10,23,24.44
1984,10,24,24.51
1984,10,25,26
1984,10,26,25.35
1984,10,27,25.82
1984,10,28,26.54
1984,10,29,26.3
1984,10,30,25.08
1984,10,31,27.14
1984,11,1,27.19
1984,11,2,23.86
1984,11,3,25.98
1984,11,4,25.79
1984,11,5,26.92
1984,11,6,28.11
1984,11,7,23.92
1984,11,8,23.59
1984,11,9,25.26
1984,11,10,27
1984,11,11,27.88
1984,11,12,27.55
1984,11,13,27.87
1984,11,14,28.26
1984,11,15,27.47
1984,11,16,28.06
1984,11,17,27.69
1984,11,18,27.4
1984,11,19,28.15
1984,11,20,27.54
1984,11,21,27.43
1984,11,22,26.77
1984,11,23,26.31
1984,11,24,26.62
1984,11,25,26.51
1984,11,26,26.54
1984,11,27,26.17
1984,11,28,25.04
1984,11,29,23.01
1984,11,30,24.99
1984,12,1,26.24
1984,12,2,26.23
1984,12,3,27.43
1984,12,4,27.81
1984,12,5,26.94
1984,12,6,26.48
1984,12,7,26.72
1984,12,8,26.81
1984,12,9,26.38
1984,12,10,24.42
1984,12,11,25.27
1984,12,12,25.9
1984,12,13,25.98
1984,12,14,25.72
1984,12,15,26.08
1984,12,16,25.95
1984,12,17,26.04
1984,12,18,26.83
1984,12,19,26.62
1984,12,20,26.62
1984,12,21,26.95
1984,12,22,28.13
1984,12,23,27.42
1984,12,24,26.44
1984,12,25,26.06
1984,12,26,26.44
1984,12,27,26.64
1984,12,28,26.21
1984,12,29,25.56
1984,12,30,24.83
1984,12,31,25.35
1985,1,1,26.33
1985,1,2,26.94
1985,1,3,26.87
1985,1,4,24.76
1985,1,5,25.55
1985,1,6,26.26
1985,1,7,25.96
1985,1,8,26.97
1985,1,9,26.37
1985,1,10,27.15
1985,1,11,26.4
1985,1,12,26.37
1985,1,13,26.91
1985,1,14,26.9
1985,1,15,26.06
1985,1,16,25.69
1985,1,17,26.16
1985,1,18,27.3
1985,1,19,26.76
1985,1,20,26.74
1985,1,21,26.37
1985,1,22,27.52
1985,1,23,28.44
1985,1,24,29.34
1985,1,25,28.39
1985,1,26,28.34
1985,1,27,28.91
1985,1,28,28.48
1985,1,29,28.26
1985,1,30,26.8
1985,1,31,26.65
1985,2,1,26.95
1985,2,2,27.37
1985,2,3,27.02
1985,2,4,28.12
1985,2,5,28.46
1985,2,6,28.56
1985,2,7,29.56
1985,2,8,29.01
1985,2,9,28.76
1985,2,10,28.97
1985,2,11,28.62
1985,2,12,29.09
1985,2,13,28.83
1985,2,14,28.79
1985,2,15,28.44
1985,2,16,27.89
1985,2,17,26.96
1985,2,18,28.21
1985,2,19,28.02
1985,2,20,29.53
1985,2,21,29.23
1985,2,22,29.66
1985,2,23,29.23
1985,2,24,29.37
1985,2,25,29.7
1985,2,26,29.02
1985,2,27,27.82
1985,2,28,27.95
1985,3,1,27.63
1985,3,2,28.69
1985,3,3,28.45
1985,3,4,28.92
1985,3,5,27.89
1985,3,6,28.73
1985,3,7,30.1
1985,3,8,29.74
1985,3,9,30.07
1985,3,10,29.3
1985,3,11,29.76
1985,3,12,29.57
1985,3,13,30.04
1985,3,14,29.68
1985,3,15,29.04
1985,3,16,29.15
1985,3,17,28.48
1985,3,18,29.35
1985,3,19,30.37
1985,3,20,30.23
1985,3,21,29.42
1985,3,22,29.88
1985,3,23,30.23
1985,3,24,29.79
1985,3,25,29.79
1985,3,26,30.05
1985,3,27,30.54
1985,3,28,29.88
1985,3,29,28.2
1985,3,30,29.38
1985,3,31,31.3
1985,4,1,30.55
1985,4,2,30.31
1985,4,3,29.9
1985,4,4,30.8
1985,4,5,31.12
1985,4,6,30.7
1985,4,7,28.9
1985,4,8,30.24
1985,4,9,30.57
1985,4,10,29.85
1985,4,11,29.84
1985,4,12,29.51
1985,4,13,27.5
1985,4,14,27.75
1985,4,15,29.78
1985,4,16,30.61
1985,4,17,29.25
1985,4,18,26.8
1985,4,19,28.04
1985,4,20,26.58
1985,4,21,26.25
1985,4,22,26
1985,4,23,28.06
1985,4,24,27.65
1985,4,25,27.16
1985,4,26,25.51
1985,4,27,25.78
1985,4,28,26.13
1985,4,29,25.01
1985,4,30,24.38
1985,5,1,25.61
1985,5,2,26.42
1985,5,3,27.63
1985,5,4,27.51
1985,5,5,26.46
1985,5,6,27.54
1985,5,7,27.16
1985,5,8,26.73
1985,5,9,25.94
1985,5,10,26.6
1985,5,11,28.46
1985,5,12,28.76
1985,5,13,25.33
1985,5,14,25.6
1985,5,15,26
1985,5,16,26.09
1985,5,17,25.96
1985,5,18,28.05
1985,5,19,29.02
1985,5,20,29.05
1985,5,21,28.54
1985,5,22,29.45
1985,5,23,28.93
1985,5,24,29
1985,5,25,29.15
1985,5,26,29.1
1985,5,27,28.33
1985,5,28,27.98
1985,5,29,28.01
1985,5,30,29.3
1985,5,31,28.98
1985,6,1,27.4
1985,6,2,30.05
1985,6,3,28.39
1985,6,4,27.45
1985,6,5,27.93
1985,6,6,29.78
1985,6,7,28.44
1985,6,8,28.71
1985,6,9,26.69
1985,6,10,26.06
1985,6,11,27.5
1985,6,12,25.24
1985,6,13,25.19
1985,6,14,25.42
1985,6,15,25.77
1985,6,16,24.49
1985,6,17,24.02
1985,6,18,24.07
1985,6,19,23.72
1985,6,20,24.44
1985,6,21,25.71
1985,6,22,24.55
1985,6,23,25.96
1985,6,24,25.9
1985,6,25,26.67
1985,6,26,26.26
1985,6,27,25.89
1985,6,28,25.29
1985,6,29,26.55
1985,6,30,26.76
1985,7,1,26.75
1985,7,2,26.37
1985,7,3,25.71
1985,7,4,26.29
1985,7,5,27.39
1985,7,6,25.44
1985,7,7,24.83
1985,7,8,26.4
1985,7,9,25.96
1985,7,10,25.36
1985,7,11,25.23
1985,7,12,25.72
1985,7,13,27.06
1985,7,14,27.23
1985,7,15,26.06
1985,7,16,25.71
1985,7,17,26.33
1985,7,18,25.45
1985,7,19,25.62
1985,7,20,26.62
1985,7,21,26.47
1985,7,22,24.55
1985,7,23,26.03
1985,7,24,27.33
1985,7,25,27.65
1985,7,26,27.56
1985,7,27,26.98
1985,7,28,26.99
1985,7,29,26.52
1985,7,30,25.3
1985,7,31,26.31
1985,8,1,26.69
1985,8,2,26.69
1985,8,3,26.06
1985,8,4,26.55
1985,8,5,25.88
1985,8,6,25.02
1985,8,7,24.98
1985,8,8,25.37
1985,8,9,24.32
1985,8,10,23.69
1985,8,11,23.98
1985,8,12,23.61
1985,8,13,24.32
1985,8,14,24.65
1985,8,15,24.95
1985,8,16,25.88
1985,8,17,25.87
1985,8,18,25.33
1985,8,19,26.28
1985,8,20,26.13
1985,8,21,26.51
1985,8,22,25.69
1985,8,23,25.81
1985,8,24,25.47
1985,8,25,25.69
1985,8,26,26.14
1985,8,27,26.4
1985,8,28,26.23
1985,8,29,27.36
1985,8,30,27.84
1985,8,31,26.51
1985,9,1,25.91
1985,9,2,25.46
1985,9,3,24.8
1985,9,4,24.65
1985,9,5,24.88
1985,9,6,25.62
1985,9,7,25.89
1985,9,8,24.83
1985,9,9,24.96
1985,9,10,23.98
1985,9,11,24.54
1985,9,12,25.19
1985,9,13,24.16
1985,9,14,25.35
1985,9,15,23.3
1985,9,16,23.66
1985,9,17,23.65
1985,9,18,23.61
1985,9,19,24.49
1985,9,20,24.57
1985,9,21,25.43
1985,9,22,25.55
1985,9,23,25.24
1985,9,24,25.78
1985,9,25,26.27
1985,9,26,25.4
1985,9,27,25.99
1985,9,28,26.3
1985,9,29,25.8
1985,9,30,26.71
1985,10,1,25.87
1985,10,2,26.05
1985,10,3,25.34
1985,10,4,23.8
1985,10,5,25.47
1985,10,6,26.54
1985,10,7,26.86
1985,10,8,27.35
1985,10,9,24.37
1985,10,10,25.44
1985,10,11,25.54
1985,10,12,24.36
1985,10,13,24.79
1985,10,14,26.9
1985,10,15,26.34
1985,10,16,25.99
1985,10,17,26.37
1985,10,18,25.05
1985,10,19,25.44
1985,10,20,25.17
1985,10,21,26.96
1985,10,22,25.47
1985,10,23,26.6
1985,10,24,27.51
1985,10,25,27.41
1985,10,26,27.27
1985,10,27,27.34
1985,10,28,27.22
1985,10,29,27.63
1985,10,30,27.78
1985,10,31,27.26
1985,11,1,27.87
1985,11,2,27.69
1985,11,3,27.3
1985,11,4,28.09
1985,11,5,27.38
1985,11,6,27.4
1985,11,7,28.58
1985,11,8,28.4
1985,11,9,26.23
1985,11,10,27.67
1985,11,11,28.13
1985,11,12,28.35
1985,11,13,28.4
1985,11,14,26.84
1985,11,15,26.53
1985,11,16,26.28
1985,11,17,27.12
1985,11,18,27.05
1985,11,19,27.33
1985,11,20,26.93
1985,11,21,25.58
1985,11,22,26.69
1985,11,23,26.2
1985,11,24,25.75
1985,11,25,25.17
1985,11,26,26.28
1985,11,27,26.22
1985,11,28,26.11
1985,11,29,24.39
1985,11,30,25.61
1985,12,1,25.77
1985,12,2,26.65
1985,12,3,27.24
1985,12,4,26.82
1985,12,5,26.82
1985,12,6,27.24
1985,12,7,28
1985,12,8,28.08
1985,12,9,27.98
1985,12,10,27.25
1985,12,11,27.02
1985,12,12,25.11
1985,12,13,26.07
1985,12,14,26.73
1985,12,15,25.3
1985,12,16,23.65
1985,12,17,24.79
1985,12,18,25.41
1985,12,19,25.39
1985,12,20,26.76
1985,12,21,23.23
1985,12,22,25.57
1985,12,23,24.16
1985,12,24,23.48
1985,12,25,24.76
1985,12,26,25.83
1985,12,27,25.8
1985,12,28,26.09
1985,12,29,25.92
1985,12,30,27.85
1985,12,31,27.51
1986,1,1,26.1
1986,1,2,25.42
1986,1,3,26.69
1986,1,4,26.29
1986,1,5,24.52
1986,1,6,23.6
1986,1,7,24.05
1986,1,8,24.67
1986,1,9,25.29
1986,1,10,24.95
1986,1,11,23.15
1986,1,12,24.92
1986,1,13,26.24
1986,1,14,26.48
1986,1,15,26.85
1986,1,16,26.86
1986,1,17,27.41
1986,1,18,27.46
1986,1,19,27.14
1986,1,20,24.83
1986,1,21,26.45
1986,1,22,26.65
1986,1,23,25.69
1986,1,24,26.51
1986,1,25,26.31
1986,1,26,26.06
1986,1,27,24.64
1986,1,28,23.95
1986,1,29,26.06
1986,1,30,26.91
1986,1,31,26.69
1986,2,1,26.82
1986,2,2,27.56
1986,2,3,28.34
1986,2,4,28.8
1986,2,5,26.98
1986,2,6,28.55
1986,2,7,28.39
1986,2,8,27.69
1986,2,9,26.9
1986,2,10,26.07
1986,2,11,26.3
1986,2,12,26.72
1986,2,13,27.05
1986,2,14,27.83
1986,2,15,27.68
1986,2,16,27.51
1986,2,17,28.33
1986,2,18,28.59
1986,2,19,29.09
1986,2,20,28.43
1986,2,21,27.93
1986,2,22,28.45
1986,2,23,28.4
1986,2,24,27.34
1986,2,25,27.15
1986,2,26,26.48
1986,2,27,27.12
1986,2,28,27.41
1986,3,1,27
1986,3,2,24.59
1986,3,3,22.51
1986,3,4,24.12
1986,3,5,25.8
1986,3,6,26.23
1986,3,7,28.11
1986,3,8,28.98
1986,3,9,29.88
1986,3,10,30.7
1986,3,11,30.93
1986,3,12,30.01
1986,3,13,30.99
1986,3,14,30.58
1986,3,15,30.4
1986,3,16,30.26
1986,3,17,29.9
1986,3,18,28.74
1986,3,19,29.37
1986,3,20,30.19
1986,3,21,29.11
1986,3,22,28.94
1986,3,23,28.98
1986,3,24,28.97
1986,3,25,30.1
1986,3,26,29.62
1986,3,27,29.3
1986,3,28,28.63
1986,3,29,27.55
1986,3,30,28.47
1986,3,31,27.21
1986,4,1,29.73
1986,4,2,29.91
1986,4,3,29.95
1986,4,4,29.42
1986,4,5,30.51
1986,4,6,31.03
1986,4,7,31.34
1986,4,8,31.06
1986,4,9,29.89
1986,4,10,27.59
1986,4,11,27.96
1986,4,12,28.73
1986,4,13,28.08
1986,4,14,28.19
1986,4,15,29.56
1986,4,16,30.11
1986,4,17,29.48
1986,4,18,30.3
1986,4,19,29.38
1986,4,20,29.18
1986,4,21,29.48
1986,4,22,30.03
1986,4,23,29.3
1986,4,24,29.15
1986,4,25,30.89
1986,4,26,30.97
1986,4,27,30.82
1986,4,28,30.87
1986,4,29,30.51
1986,4,30,31.18
1986,5,1,30.15
1986,5,2,30.84
1986,5,3,28.87
1986,5,4,30.4
1986,5,5,30.38
1986,5,6,31.19
1986,5,7,30.34
1986,5,8,30.21
1986,5,9,29.57
1986,5,10,28.23
1986,5,11,27.98
1986,5,12,28.72
1986,5,13,29.08
1986,5,14,29.48
1986,5,15,29.76
1986,5,16,27.91
1986,5,17,24.22
1986,5,18,23.95
1986,5,19,25.23
1986,5,20,25.65
1986,5,21,25.83
1986,5,22,25.29
1986,5,23,25.37
1986,5,24,24.78
1986,5,25,25.03
1986,5,26,25.65
1986,5,27,26.65
1986,5,28,27.55
1986,5,29,27.88
1986,5,30,27.25
1986,5,31,27.67
1986,6,1,26.21
1986,6,2,26.51
1986,6,3,27.14
1986,6,4,27.19
1986,6,5,25.32
1986,6,6,25.64
1986,6,7,26.72
1986,6,8,27.48
1986,6,9,27.07
1986,6,10,26.19
1986,6,11,27.58
1986,6,12,27.73
1986,6,13,26.12
1986,6,14,28.19
1986,6,15,27.76
1986,6,16,28.1
1986,6,17,27.87
1986,6,18,26.78
1986,6,19,25.83
1986,6,20,25.08
1986,6,21,25.83
1986,6,22,25.73
1986,6,23,25.01
1986,6,24,24.28
1986,6,25,22.44
1986,6,26,24.3
1986,6,27,25.63
1986,6,28,25.95
1986,6,29,25.05
1986,6,30,25.81
1986,7,1,25.89
1986,7,2,25
1986,7,3,26.11
1986,7,4,25.54
1986,7,5,25.63
1986,7,6,26.9
1986,7,7,27.15
1986,7,8,26.15
1986,7,9,25.48
1986,7,10,25.33
1986,7,11,24.65
1986,7,12,25.12
1986,7,13,26.43
1986,7,14,24.85
1986,7,15,24.08
1986,7,16,24.03
1986,7,17,24.44
1986,7,18,24.53
1986,7,19,23.83
1986,7,20,23.31
1986,7,21,23.73
1986,7,22,25.2
1986,7,23,25.35
1986,7,24,24.14
1986,7,25,24.12
1986,7,26,24.87
1986,7,27,25.72
1986,7,28,26.33
1986,7,29,25.72
1986,7,30,25.92
1986,7,31,25.94
1986,8,1,24.44
1986,8,2,24.73
1986,8,3,25
1986,8,4,24.02
1986,8,5,25.37
1986,8,6,25.42
1986,8,7,24.47
1986,8,8,24.5
1986,8,9,24.51
1986,8,10,24.12
1986,8,11,24.45
1986,8,12,25.12
1986,8,13,25.64
1986,8,14,24.94
1986,8,15,24.68
1986,8,16,23.62
1986,8,17,23.36
1986,8,18,24.6
1986,8,19,24.08
1986,8,20,25.45
1986,8,21,24.65
1986,8,22,23.89
1986,8,23,25.05
1986,8,24,25.15
1986,8,25,24.68
1986,8,26,25.01
1986,8,27,24.92
1986,8,28,25.08
1986,8,29,24.32
1986,8,30,25.61
1986,8,31,25.45
1986,9,1,26.12
1986,9,2,25.13
1986,9,3,24.01
1986,9,4,24.78
1986,9,5,24.09
1986,9,6,24.38
1986,9,7,23.69
1986,9,8,23.81
1986,9,9,22.64
1986,9,10,23.82
1986,9,11,25.85
1986,9,12,25.48
1986,9,13,24.28
1986,9,14,25.56
1986,9,15,24.95
1986,9,16,24.3
1986,9,17,25.82
1986,9,18,24.96
1986,9,19,24.92
1986,9,20,23.91
1986,9,21,24.83
1986,9,22,25.49
1986,9,23,24.83
1986,9,24,25.14
1986,9,25,24.82
1986,9,26,24.44
1986,9,27,25.2
1986,9,28,25.03
1986,9,29,24.34
1986,9,30,24.33
1986,10,1,23.77
1986,10,2,24.32
1986,10,3,25.14
1986,10,4,25.29
1986,10,5,25.87
1986,10,6,25.73
1986,10,7,25.85
1986,10,8,24.41
1986,10,9,25.19
1986,10,10,25.82
1986,10,11,25.8
1986,10,12,25.98
1986,10,13,26.25
1986,10,14,25.13
1986,10,15,25.87
1986,10,16,25.95
1986,10,17,24.58
1986,10,18,25.94
1986,10,19,25.78
1986,10,20,26.9
1986,10,21,25.56
1986,10,22,25.29
1986,10,23,25.29
1986,10,24,26.46
1986,10,25,26.05
1986,10,26,25.96
1986,10,27,24.99
1986,10,28,26.33
1986,10,29,27.14
1986,10,30,26.7
1986,10,31,27.2
1986,11,1,27.58
1986,11,2,27.13
1986,11,3,27.37
1986,11,4,27.89
1986,11,5,27.79
1986,11,6,28.24
1986,11,7,27.25
1986,11,8,28.18
1986,11,9,26.69
1986,11,10,26.6
1986,11,11,26.07
1986,11,12,26.2
1986,11,13,26.16
1986,11,14,24.84
1986,11,15,23.83
1986,11,16,23.43
1986,11,17,23.76
1986,11,18,25.6
1986,11,19,26.69
1986,11,20,26.08
1986,11,21,26.18
1986,11,22,25.97
1986,11,23,26.05
1986,11,24,26.14
1986,11,25,25.14
1986,11,26,24.3
1986,11,27,25.51
1986,11,28,26.29
1986,11,29,26.09
1986,11,30,25.27
1986,12,1,26.31
1986,12,2,24.23
1986,12,3,24.55
1986,12,4,25.73
1986,12,5,26.41
1986,12,6,26.21
1986,12,7,27.28
1986,12,8,26.69
1986,12,9,23.87
1986,12,10,24.88
1986,12,11,23.87
1986,12,12,23.98
1986,12,13,24.56
1986,12,14,25.26
1986,12,15,26.32
1986,12,16,26.87
1986,12,17,27.31
1986,12,18,27.84
1986,12,19,26.75
1986,12,20,26.1
1986,12,21,24.8
1986,12,22,24.78
1986,12,23,24.13
1986,12,24,26.23
1986,12,25,26.7
1986,12,26,27.6
1986,12,27,27.31
1986,12,28,27.52
1986,12,29,26.27
1986,12,30,27.07
1986,12,31,26.69
1987,1,1,26.55
1987,1,2,25.96
1987,1,3,26.54
1987,1,4,27.4
1987,1,5,28.21
1987,1,6,28.08
1987,1,7,27.27
1987,1,8,27.53
1987,1,9,27.44
1987,1,10,28.07
1987,1,11,27.88
1987,1,12,26.26
1987,1,13,24.65
1987,1,14,25.23
1987,1,15,25.68
1987,1,16,26.94
1987,1,17,26.77
1987,1,18,26.1
1987,1,19,26.61
1987,1,20,27.68
1987,1,21,27.47
1987,1,22,27.95
1987,1,23,27.7
1987,1,24,27.72
1987,1,25,26.5
1987,1,26,26
1987,1,27,26.09
1987,1,28,26.22
1987,1,29,26.24
1987,1,30,27.6
1987,1,31,27.21
1987,2,1,26.19
1987,2,2,26.05
1987,2,3,25.86
1987,2,4,26.08
1987,2,5,26.76
1987,2,6,26.22
1987,2,7,26.42
1987,2,8,27.62
1987,2,9,27.69
1987,2,10,27.31
1987,2,11,27.47
1987,2,12,27.53
1987,2,13,28.07
1987,2,14,27.55
1987,2,15,26.9
1987,2,16,27.28
1987,2,17,27.23
1987,2,18,28.23
1987,2,19,27.9
1987,2,20,27.78
1987,2,21,26.65
1987,2,22,27.04
1987,2,23,27.31
1987,2,24,26.97
1987,2,25,27.08
1987,2,26,27.78
1987,2,27,28.44
1987,2,28,29.69
1987,3,1,29.2
1987,3,2,29.35
1987,3,3,28.72
1987,3,4,29.23
1987,3,5,28.73
1987,3,6,29.51
1987,3,7,29.42
1987,3,8,28.35
1987,3,9,28.35
1987,3,10,28.8
1987,3,11,28.22
1987,3,12,27.98
1987,3,13,28.18
1987,3,14,28.96
1987,3,15,29.31
1987,3,16,28.6
1987,3,17,29.11
1987,3,18,29.08
1987,3,19,29.3
1987,3,20,28.53
1987,3,21,27.11
1987,3,22,29.09
1987,3,23,28.94
1987,3,24,29.26
1987,3,25,29.37
1987,3,26,31.34
1987,3,27,30.38
1987,3,28,29.57
1987,3,29,29.61
1987,3,30,30.5
1987,3,31,30.55
1987,4,1,30.39
1987,4,2,29.81
1987,4,3,28.87
1987,4,4,29.05
1987,4,5,28.96
1987,4,6,29.88
1987,4,7,29.2
1987,4,8,29.06
1987,4,9,29.08
1987,4,10,29.79
1987,4,11,29.19
1987,4,12,30.36
1987,4,13,28.44
1987,4,14,29.65
1987,4,15,31.12
1987,4,16,32.02
1987,4,17,31.33
1987,4,18,31.08
1987,4,19,31.15
1987,4,20,31.36
1987,4,21,31.36
1987,4,22,30.2
1987,4,23,30.96
1987,4,24,30.12
1987,4,25,29.92
1987,4,26,30.76
1987,4,27,31.55
1987,4,28,31.55
1987,4,29,31.26
1987,4,30,30.6
1987,5,1,30.44
1987,5,2,28.59
1987,5,3,28.46
1987,5,4,28.68
1987,5,5,30.26
1987,5,6,29.37
1987,5,7,29.81
1987,5,8,30.15
1987,5,9,31.19
1987,5,10,31.01
1987,5,11,30.19
1987,5,12,30.8
1987,5,13,29.4
1987,5,14,30.08
1987,5,15,30.41
1987,5,16,30.03
1987,5,17,27.98
1987,5,18,28.54
1987,5,19,27.94
1987,5,20,28.98
1987,5,21,28.98
1987,5,22,29.33
1987,5,23,29.23
1987,5,24,28.69
1987,5,25,29.19
1987,5,26,29.46
1987,5,27,28.48
1987,5,28,26.66
1987,5,29,28.19
1987,5,30,28.72
1987,5,31,30.01
1987,6,1,29.66
1987,6,2,29.93
1987,6,3,28.35
1987,6,4,27.69
1987,6,5,27.51
1987,6,6,27.26
1987,6,7,28.79
1987,6,8,28.72
1987,6,9,28.17
1987,6,10,27.12
1987,6,11,26.76
1987,6,12,27.95
1987,6,13,27.37
1987,6,14,27.33
1987,6,15,26.05
1987,6,16,26.37
1987,6,17,23.96
1987,6,18,25.65
1987,6,19,24.88
1987,6,20,26.07
1987,6,21,26.25
1987,6,22,28.87
1987,6,23,29.1
1987,6,24,28.55
1987,6,25,26.38
1987,6,26,27.26
1987,6,27,25.96
1987,6,28,26.8
1987,6,29,25.84
1987,6,30,27.62
1987,7,1,26.3
1987,7,2,25.04
1987,7,3,23.52
1987,7,4,24.83
1987,7,5,25.05
1987,7,6,25.69
1987,7,7,26.14
1987,7,8,26.11
1987,7,9,25.08
1987,7,10,26.45
1987,7,11,25.68
1987,7,12,25.54
1987,7,13,24.56
1987,7,14,26.3
1987,7,15,26.98
1987,7,16,26.72
1987,7,17,26.77
1987,7,18,26.58
1987,7,19,26.58
1987,7,20,26.78
1987,7,21,27.94
1987,7,22,28.33
1987,7,23,27.95
1987,7,24,28.04
1987,7,25,28.77
1987,7,26,27.56
1987,7,27,28.95
1987,7,28,28.04
1987,7,29,26.37
1987,7,30,26.02
1987,7,31,26.86
1987,8,1,26.34
1987,8,2,26.43
1987,8,3,26.21
1987,8,4,25.8
1987,8,5,28.33
1987,8,6,29.11
1987,8,7,27.94
1987,8,8,28.04
1987,8,9,28.56
1987,8,10,27.5
1987,8,11,25.84
1987,8,12,27.8
1987,8,13,27.73
1987,8,14,24.62
1987,8,15,25.44
1987,8,16,25.82
1987,8,17,25.94
1987,8,18,26.55
1987,8,19,26.59
1987,8,20,25.29
1987,8,21,24.94
1987,8,22,24.49
1987,8,23,24.52
1987,8,24,27.18
1987,8,25,27.42
1987,8,26,26.73
1987,8,27,26.65
1987,8,28,26.62
1987,8,29,26.83
1987,8,30,26.73
1987,8,31,26.65
1987,9,1,25.63
1987,9,2,25.47
1987,9,3,25.65
1987,9,4,24.45
1987,9,5,24.81
1987,9,6,25.13
1987,9,7,26.31
1987,9,8,26.29
1987,9,9,25.89
1987,9,10,26.14
1987,9,11,25.15
1987,9,12,24.48
1987,9,13,24.87
1987,9,14,24.25
1987,9,15,25.57
1987,9,16,24.94
1987,9,17,25.85
1987,9,18,26.15
1987,9,19,26.77
1987,9,20,25.89
1987,9,21,26.12
1987,9,22,27.41
1987,9,23,27.23
1987,9,24,26.67
1987,9,25,28.34
1987,9,26,28.38
1987,9,27,27.81
1987,9,28,27.44
1987,9,29,25.04
1987,9,30,25.05
1987,10,1,26.47
1987,10,2,26.96
1987,10,3,26.04
1987,10,4,25.52
1987,10,5,26.97
1987,10,6,26
1987,10,7,25.65
1987,10,8,27.3
1987,10,9,27.59
1987,10,10,27.73
1987,10,11,27.4
1987,10,12,28.54
1987,10,13,28.61
1987,10,14,28.63
1987,10,15,28.67
1987,10,16,26.81
1987,10,17,27.64
1987,10,18,28.23
1987,10,19,29.58
1987,10,20,29.12
1987,10,21,28.37
1987,10,22,28.76
1987,10,23,29.18
1987,10,24,28.33
1987,10,25,27.92
1987,10,26,26.65
1987,10,27,27.9
1987,10,28,27.69
1987,10,29,28.4
1987,10,30,27.76
1987,10,31,26.35
1987,11,1,28.91
1987,11,2,28.03
1987,11,3,28.27
1987,11,4,29.47
1987,11,5,29.31
1987,11,6,27.38
1987,11,7,27.77
1987,11,8,28.06
1987,11,9,28.46
1987,11,10,26.65
1987,11,11,28.74
1987,11,12,27.75
1987,11,13,27.84
1987,11,14,27.3
1987,11,15,28.81
1987,11,16,28.62
1987,11,17,26.48
1987,11,18,26.34
1987,11,19,26.4
1987,11,20,27.73
1987,11,21,27.43
1987,11,22,28.33
1987,11,23,28.3
1987,11,24,27.16
1987,11,25,26.4
1987,11,26,27.34
1987,11,27,27.94
1987,11,28,26.55
1987,11,29,26.19
1987,11,30,26.93
1987,12,1,26.31
1987,12,2,26.22
1987,12,3,28.09
1987,12,4,28.05
1987,12,5,27.62
1987,12,6,25.12
1987,12,7,24.98
1987,12,8,26.55
1987,12,9,27.96
1987,12,10,28.83
1987,12,11,29.07
1987,12,12,27.94
1987,12,13,26.62
1987,12,14,26.5
1987,12,15,26.8
1987,12,16,28.12
1987,12,17,26.33
1987,12,18,25.89
1987,12,19,27.39
1987,12,20,26.29
1987,12,21,25.12
1987,12,22,26.8
1987,12,23,26.98
1987,12,24,27.31
1987,12,25,26.96
1987,12,26,27.12
1987,12,27,28.75
1987,12,28,27.34
1987,12,29,27.76
1987,12,30,28.55
1987,12,31,28.5
1988,1,1,28.9
1988,1,2,27.99
1988,1,3,27.82
1988,1,4,29.13
1988,1,5,28.02
1988,1,6,26.69
1988,1,7,26.78
1988,1,8,27.3
1988,1,9,27.55
1988,1,10,28.8
1988,1,11,28.3
1988,1,12,28.35
1988,1,13,27.99
1988,1,14,28.59
1988,1,15,28.71
1988,1,16,29.4
1988,1,17,26.8
1988,1,18,28.13
1988,1,19,27.69
1988,1,20,28.05
1988,1,21,28.42
1988,1,22,28.63
1988,1,23,29.2
1988,1,24,29.58
1988,1,25,29.23
1988,1,26,29.23
1988,1,27,30.19
1988,1,28,30.51
1988,1,29,29.62
1988,1,30,29.34
1988,1,31,29.41
1988,2,1,28.29
1988,2,2,26.87
1988,2,3,27.29
1988,2,4,27.81
1988,2,5,27.95
1988,2,6,28.89
1988,2,7,29.11
1988,2,8,29.38
1988,2,9,30.6
1988,2,10,29.84
1988,2,11,28.24
1988,2,12,27.56
1988,2,13,27.9
1988,2,14,28.22
1988,2,15,29.18
1988,2,16,29.33
1988,2,17,29.09
1988,2,18,28.33
1988,2,19,28.51
1988,2,20,28.86
1988,2,21,27.68
1988,2,22,28.07
1988,2,23,28.73
1988,2,24,29.07
1988,2,25,29.33
1988,2,26,30.48
1988,2,27,30.04
1988,2,28,29.7
1988,2,29,30.01
1988,3,1,29.54
1988,3,2,30.31
1988,3,3,30.4
1988,3,4,30.25
1988,3,5,30.6
1988,3,6,30.98
1988,3,7,30.47
1988,3,8,29.8
1988,3,9,29.68
1988,3,10,29.58
1988,3,11,31.27
1988,3,12,30.65
1988,3,13,30.26
1988,3,14,30.6
1988,3,15,30.71
1988,3,16,29.98
1988,3,17,29.41
1988,3,18,30.45
1988,3,19,32.69
1988,3,20,31.33
1988,3,21,29.54
1988,3,22,29.48
1988,3,23,29.7
1988,3,24,29.65
1988,3,25,29.58
1988,3,26,29.79
1988,3,27,29.76
1988,3,28,28.49
1988,3,29,30.26
1988,3,30,30.07
1988,3,31,27.41
1988,4,1,29.9
1988,4,2,30.94
1988,4,3,29.95
1988,4,4,30.37
1988,4,5,30.24
1988,4,6,30.67
1988,4,7,30.26
1988,4,8,30.37
1988,4,9,29.94
1988,4,10,31.37
1988,4,11,31.2
1988,4,12,31.82
1988,4,13,30.4
1988,4,14,29.62
1988,4,15,29.35
1988,4,16,31.83
1988,4,17,32.62
1988,4,18,32.12
1988,4,19,31.22
1988,4,20,29.92
1988,4,21,27.36
1988,4,22,29.61
1988,4,23,29.11
1988,4,24,29.83
1988,4,25,31.83
1988,4,26,31.8
1988,4,27,30.85
1988,4,28,31.32
1988,4,29,28.8
1988,4,30,28.98
1988,5,1,30.23
1988,5,2,30.01
1988,5,3,30.15
1988,5,4,30.79
1988,5,5,30.09
1988,5,6,30.45
1988,5,7,30.2
1988,5,8,31.06
1988,5,9,30.4
1988,5,10,28.94
1988,5,11,28.89
1988,5,12,28.9
1988,5,13,29.63
1988,5,14,30.05
1988,5,15,30.4
1988,5,16,30.46
1988,5,17,29.95
1988,5,18,29.57
1988,5,19,29.66
1988,5,20,29.07
1988,5,21,29.06
1988,5,22,28.67
1988,5,23,27.06
1988,5,24,27.97
1988,5,25,29.39
1988,5,26,27.61
1988,5,27,27.13
1988,5,28,28.16
1988,5,29,27.54
1988,5,30,28.65
1988,5,31,29.69
1988,6,1,29.41
1988,6,2,28.05
1988,6,3,29.01
1988,6,4,30.33
1988,6,5,26.34
1988,6,6,25.09
1988,6,7,27.08
1988,6,8,28.5
1988,6,9,27.29
1988,6,10,28.25
1988,6,11,26.57
1988,6,12,26.98
1988,6,13,25.19
1988,6,14,26.79
1988,6,15,26.8
1988,6,16,26.5
1988,6,17,26.55
1988,6,18,26.52
1988,6,19,27.46
1988,6,20,27.19
1988,6,21,27.77
1988,6,22,29.24
1988,6,23,27.24
1988,6,24,27.83
1988,6,25,28.22
1988,6,26,29.28
1988,6,27,28.76
1988,6,28,28.37
1988,6,29,28.06
1988,6,30,28.23
1988,7,1,28.98
1988,7,2,28.02
1988,7,3,29.55
1988,7,4,29.7
1988,7,5,28.5
1988,7,6,27.78
1988,7,7,28.38
1988,7,8,28.19
1988,7,9,28.23
1988,7,10,27.88
1988,7,11,26.44
1988,7,12,27.22
1988,7,13,26.8
1988,7,14,27.65
1988,7,15,27.89
1988,7,16,26.8
1988,7,17,27.28
1988,7,18,28.42
1988,7,19,26.32
1988,7,20,26.83
1988,7,21,27.62
1988,7,22,26.3
1988,7,23,27.73
1988,7,24,27.12
1988,7,25,26.31
1988,7,26,26.26
1988,7,27,27.58
1988,7,28,28.25
1988,7,29,27.83
1988,7,30,27.82
1988,7,31,26.63
1988,8,1,26.46
1988,8,2,26.48
1988,8,3,28.79
1988,8,4,27.92
1988,8,5,28.2
1988,8,6,28.16
1988,8,7,29
1988,8,8,27.92
1988,8,9,28.17
1988,8,10,28.95
1988,8,11,29.19
1988,8,12,29.73
1988,8,13,28.08
1988,8,14,27.03
1988,8,15,26.92
1988,8,16,26.21
1988,8,17,25.58
1988,8,18,27
1988,8,19,28.93
1988,8,20,28.84
1988,8,21,28.18
1988,8,22,27.75
1988,8,23,28.58
1988,8,24,27.9
1988,8,25,28.18
1988,8,26,27.5
1988,8,27,28.57
1988,8,28,28.74
1988,8,29,27.56
1988,8,30,26.94
1988,8,31,27.98
1988,9,1,29.95
1988,9,2,27.75
1988,9,3,29.18
1988,9,4,27.26
1988,9,5,28.22
1988,9,6,28.51
1988,9,7,29.03
1988,9,8,26.79
1988,9,9,25.86
1988,9,10,27.44
1988,9,11,28.08
1988,9,12,26.58
1988,9,13,27.62
1988,9,14,27.24
1988,9,15,25.89
1988,9,16,26.26
1988,9,17,25.07
1988,9,18,26.05
1988,9,19,26.51
1988,9,20,26.49
1988,9,21,25.15
1988,9,22,25.86
1988,9,23,26.19
1988,9,24,25.53
1988,9,25,24.84
1988,9,26,25.5
1988,9,27,24.57
1988,9,28,25.43
1988,9,29,26.11
1988,9,30,25.15
1988,10,1,26.65
1988,10,2,26.54
1988,10,3,26.02
1988,10,4,24.21
1988,10,5,24.01
1988,10,6,24.09
1988,10,7,24.24
1988,10,8,24.17
1988,10,9,25.37
1988,10,10,24.4
1988,10,11,25.08
1988,10,12,25.67
1988,10,13,26.26
1988,10,14,25.77
1988,10,15,24.77
1988,10,16,24.85
1988,10,17,24.79
1988,10,18,26.68
1988,10,19,26.92
1988,10,20,26.87
1988,10,21,27.62
1988,10,22,25.26
1988,10,23,25.22
1988,10,24,24.71
1988,10,25,25.16
1988,10,26,25.94
1988,10,27,25.65
1988,10,28,26.67
1988,10,29,26.72
1988,10,30,26.27
1988,10,31,27.74
1988,11,1,26.9
1988,11,2,28.21
1988,11,3,27.56
1988,11,4,27.59
1988,11,5,27.08
1988,11,6,25.4
1988,11,7,24.16
1988,11,8,24.48
1988,11,9,25.51
1988,11,10,25.3
1988,11,11,25.96
1988,11,12,25.76
1988,11,13,27.23
1988,11,14,27.51
1988,11,15,28.43
1988,11,16,27.8
1988,11,17,28.33
1988,11,18,28.23
1988,11,19,27.54
1988,11,20,26.83
1988,11,21,27.8
1988,11,22,28.58
1988,11,23,27.7
1988,11,24,26.08
1988,11,25,26.33
1988,11,26,24.97
1988,11,27,24.09
1988,11,28,24.33
1988,11,29,25.44
1988,11,30,26.22
1988,12,1,26.15
1988,12,2,25.49
1988,12,3,25.25
1988,12,4,26.23
1988,12,5,25.59
1988,12,6,24.15
1988,12,7,24.03
1988,12,8,24.99
1988,12,9,24.62
1988,12,10,25.17
1988,12,11,24.13
1988,12,12,23.56
1988,12,13,24.9
1988,12,14,24.15
1988,12,15,23.26
1988,12,16,23.81
1988,12,17,24.16
1988,12,18,25.08
1988,12,19,26.8
1988,12,20,27.39
1988,12,21,26.86
1988,12,22,27.04
1988,12,23,24.85
1988,12,24,26.3
1988,12,25,26.2
1988,12,26,24.76
1988,12,27,25.64
1988,12,28,26.65
1988,12,29,27.56
1988,12,30,27.62
1988,12,31,28.35
1989,1,1,27.7
1989,1,2,27.76
1989,1,3,28.19
1989,1,4,28
1989,1,5,27.72
1989,1,6,28.51
1989,1,7,29.67
1989,1,8,29.55
1989,1,9,29.7
1989,1,10,28.65
1989,1,11,27.47
1989,1,12,28.46
1989,1,13,29.33
1989,1,14,27.22
1989,1,15,26.81
1989,1,16,28.1
1989,1,17,28.05
1989,1,18,27.3
1989,1,19,28.13
1989,1,20,29.3
1989,1,21,28.62
1989,1,22,28.89
1989,1,23,28.65
1989,1,24,27.92
1989,1,25,28.54
1989,1,26,27.97
1989,1,27,27.74
1989,1,28,27.08
1989,1,29,26.61
1989,1,30,26.84
1989,1,31,26.81
1989,2,1,27.15
1989,2,2,26.91
1989,2,3,26.33
1989,2,4,25.88
1989,2,5,26.13
1989,2,6,25.8
1989,2,7,26.35
1989,2,8,26.57
1989,2,9,26.8
1989,2,10,27.02
1989,2,11,26.81
1989,2,12,25.74
1989,2,13,25.75
1989,2,14,25.8
1989,2,15,26.17
1989,2,16,27.3
1989,2,17,27.99
1989,2,18,28.9
1989,2,19,29.38
1989,2,20,27.73
1989,2,21,28.76
1989,2,22,26.96
1989,2,23,29.39
1989,2,24,28.19
1989,2,25,28.15
1989,2,26,29.4
1989,2,27,29.4
1989,2,28,29.66
1989,3,1,29.51
1989,3,2,29.81
1989,3,3,29.48
1989,3,4,29.43
1989,3,5,29.55
1989,3,6,29.75
1989,3,7,27.18
1989,3,8,27.76
1989,3,9,27.66
1989,3,10,27.54
1989,3,11,27.1
1989,3,12,26.53
1989,3,13,26.15
1989,3,14,28.23
1989,3,15,28.01
1989,3,16,27.7
1989,3,17,25.62
1989,3,18,24.64
1989,3,19,26.61
1989,3,20,26.58
1989,3,21,26.68
1989,3,22,27.57
1989,3,23,27.41
1989,3,24,27.39
1989,3,25,27.06
1989,3,26,28.08
1989,3,27,28.98
1989,3,28,30.09
1989,3,29,30.08
1989,3,30,29.15
1989,3,31,30.27
1989,4,1,29.39
1989,4,2,28.56
1989,4,3,29.69
1989,4,4,29.15
1989,4,5,29.71
1989,4,6,29.21
1989,4,7,30.19
1989,4,8,30.24
1989,4,9,28.68
1989,4,10,30.65
1989,4,11,28.57
1989,4,12,28.67
1989,4,13,29.31
1989,4,14,29.69
1989,4,15,29.52
1989,4,16,29.63
1989,4,17,28.19
1989,4,18,29.69
1989,4,19,29.9
1989,4,20,29.73
1989,4,21,30.38
1989,4,22,29.89
1989,4,23,29.4
1989,4,24,29.69
1989,4,25,29.4
1989,4,26,28.36
1989,4,27,25.75
1989,4,28,28.46
1989,4,29,28.82
1989,4,30,28.74
1989,5,1,28.94
1989,5,2,28.9
1989,5,3,28.31
1989,5,4,27.4
1989,5,5,26.94
1989,5,6,25.38
1989,5,7,25.8
1989,5,8,27.81
1989,5,9,28.34
1989,5,10,28.1
1989,5,11,27.83
1989,5,12,28.26
1989,5,13,29.12
1989,5,14,28.47
1989,5,15,28.62
1989,5,16,28.33
1989,5,17,27.59
1989,5,18,27.72
1989,5,19,26.5
1989,5,20,26.48
1989,5,21,27.1
1989,5,22,26.05
1989,5,23,26.69
1989,5,24,27.71
1989,5,25,26.48
1989,5,26,25.62
1989,5,27,26.61
1989,5,28,27.72
1989,5,29,26.93
1989,5,30,27.16
1989,5,31,26.3
1989,6,1,27.15
1989,6,2,27.55
1989,6,3,29
1989,6,4,26.43
1989,6,5,27.91
1989,6,6,28.72
1989,6,7,27.82
1989,6,8,26.13
1989,6,9,24.29
1989,6,10,25.51
1989,6,11,26.37
1989,6,12,28.01
1989,6,13,27.51
1989,6,14,27.28
1989,6,15,26.7
1989,6,16,26.48
1989,6,17,26.54
1989,6,18,27.68
1989,6,19,28.55
1989,6,20,27.85
1989,6,21,26.65
1989,6,22,25.58
1989,6,23,24.83
1989,6,24,23.76
1989,6,25,23.08
1989,6,26,22.66
1989,6,27,24.27
1989,6,28,26.01
1989,6,29,24.34
1989,6,30,25.11
1989,7,1,25.84
1989,7,2,26.58
1989,7,3,24.35
1989,7,4,25.08
1989,7,5,26.14
1989,7,6,27.02
1989,7,7,26.96
1989,7,8,25.75
1989,7,9,26.94
1989,7,10,24.99
1989,7,11,24.92
1989,7,12,24.15
1989,7,13,24.35
1989,7,14,25.61
1989,7,15,25.86
1989,7,16,25.5
1989,7,17,23.62
1989,7,18,24.97
1989,7,19,25.4
1989,7,20,24.44
1989,7,21,23.32
1989,7,22,22.73
1989,7,23,24.54
1989,7,24,25.08
1989,7,25,26
1989,7,26,26.3
1989,7,27,25.21
1989,7,28,26.22
1989,7,29,26.16
1989,7,30,25.31
1989,7,31,25.2
1989,8,1,25.86
1989,8,2,24.66
1989,8,3,24.72
1989,8,4,24.3
1989,8,5,25.76
1989,8,6,25.49
1989,8,7,25.47
1989,8,8,24.65
1989,8,9,25.3
1989,8,10,24.8
1989,8,11,24.53
1989,8,12,25.89
1989,8,13,25.55
1989,8,14,25.08
1989,8,15,25.02
1989,8,16,25.16
1989,8,17,25.01
1989,8,18,25.6
1989,8,19,25.26
1989,8,20,24.79
1989,8,21,24.68
1989,8,22,25.84
1989,8,23,24.48
1989,8,24,24.58
1989,8,25,25.5
1989,8,26,25.67
1989,8,27,25.55
1989,8,28,25.48
1989,8,29,25.87
1989,8,30,26.33
1989,8,31,25.09
1989,9,1,26.21
1989,9,2,26.22
1989,9,3,25.52
1989,9,4,24.97
1989,9,5,25.11
1989,9,6,24.17
1989,9,7,23.74
1989,9,8,24.44
1989,9,9,25.63
1989,9,10,25.4
1989,9,11,24.8
1989,9,12,24.67
1989,9,13,25.22
1989,9,14,24.5
1989,9,15,25.07
1989,9,16,24.87
1989,9,17,24.93
1989,9,18,24.79
1989,9,19,25.56
1989,9,20,25.91
1989,9,21,26.28
1989,9,22,26.84
1989,9,23,26.81
1989,9,24,25.9
1989,9,25,27.58
1989,9,26,26.87
1989,9,27,26.19
1989,9,28,25.33
1989,9,29,24.35
1989,9,30,24.71
1989,10,1,24.56
1989,10,2,25.07
1989,10,3,24.3
1989,10,4,24.97
1989,10,5,25.01
1989,10,6,24.98
1989,10,7,24.29
1989,10,8,25.24
1989,10,9,25.58
1989,10,10,25.69
1989,10,11,24.82
1989,10,12,23.89
1989,10,13,24.94
1989,10,14,23.69
1989,10,15,25.98
1989,10,16,25.22
1989,10,17,23.4
1989,10,18,24.05
1989,10,19,24.64
1989,10,20,24.43
1989,10,21,25.52
1989,10,22,25.7
1989,10,23,25.99
1989,10,24,26.58
1989,10,25,26.79
1989,10,26,26.53
1989,10,27,26.62
1989,10,28,27.62
1989,10,29,27.19
1989,10,30,25.1
1989,10,31,26.25
1989,11,1,26.39
1989,11,2,26.09
1989,11,3,26.73
1989,11,4,27
1989,11,5,27.65
1989,11,6,27.69
1989,11,7,25.69
1989,11,8,26.44
1989,11,9,26.56
1989,11,10,26.51
1989,11,11,25.51
1989,11,12,25.69
1989,11,13,27.44
1989,11,14,27.4
1989,11,15,26.8
1989,11,16,26.96
1989,11,17,26.3
1989,11,18,25.59
1989,11,19,26.39
1989,11,20,26.34
1989,11,21,25.69
1989,11,22,26.11
1989,11,23,26.43
1989,11,24,26.95
1989,11,25,27.64
1989,11,26,27.58
1989,11,27,27.58
1989,11,28,26.22
1989,11,29,25.64
1989,11,30,25.96
1989,12,1,25.2
1989,12,2,24.99
1989,12,3,24.07
1989,12,4,24.58
1989,12,5,24.26
1989,12,6,24.62
1989,12,7,24.97
1989,12,8,24.84
1989,12,9,25.04
1989,12,10,26.07
1989,12,11,26.72
1989,12,12,26.47
1989,12,13,25.31
1989,12,14,24.45
1989,12,15,24.31
1989,12,16,25.74
1989,12,17,26.15
1989,12,18,26.98
1989,12,19,27.11
1989,12,20,27.02
1989,12,21,28.22
1989,12,22,27.58
1989,12,23,27.37
1989,12,24,27.26
1989,12,25,28.49
1989,12,26,27.7
1989,12,27,26.74
1989,12,28,26.93
1989,12,29,26.92
1989,12,30,27.74
1989,12,31,27.41
1990,1,1,27.05
1990,1,2,27.08
1990,1,3,27.16
1990,1,4,26.95
1990,1,5,26.51
1990,1,6,26.4
1990,1,7,27.01
1990,1,8,27.33
1990,1,9,27.96
1990,1,10,28.71
1990,1,11,29.13
1990,1,12,29.51
1990,1,13,29.08
1990,1,14,29.2
1990,1,15,29.39
1990,1,16,28.25
1990,1,17,28.12
1990,1,18,28.4
1990,1,19,28.45
1990,1,20,28.12
1990,1,21,27.33
1990,1,22,27.52
1990,1,23,26.81
1990,1,24,26.03
1990,1,25,26.17
1990,1,26,26.99
1990,1,27,27.13
1990,1,28,26.81
1990,1,29,27
1990,1,30,27.13
1990,1,31,28
1990,2,1,27.83
1990,2,2,28.13
1990,2,3,28.8
1990,2,4,29
1990,2,5,29.01
1990,2,6,27.66
1990,2,7,27.65
1990,2,8,27.88
1990,2,9,27.88
1990,2,10,28.76
1990,2,11,28.66
1990,2,12,28.16
1990,2,13,27.97
1990,2,14,27.98
1990,2,15,28.37
1990,2,16,28.58
1990,2,17,28.74
1990,2,18,29.08
1990,2,19,29.3
1990,2,20,28.75
1990,2,21,28.58
1990,2,22,27.94
1990,2,23,28.55
1990,2,24,29.15
1990,2,25,29.27
1990,2,26,28.64
1990,2,27,29.51
1990,2,28,28.7
1990,3,1,27.89
1990,3,2,28.31
1990,3,3,29.65
1990,3,4,29.04
1990,3,5,28.65
1990,3,6,28.58
1990,3,7,28.95
1990,3,8,29.3
1990,3,9,28.74
1990,3,10,29.71
1990,3,11,30.58
1990,3,12,30.19
1990,3,13,29.73
1990,3,14,30.26
1990,3,15,29.34
1990,3,16,30.34
1990,3,17,30.07
1990,3,18,29.67
1990,3,19,29.44
1990,3,20,29.94
1990,3,21,29.43
1990,3,22,29.33
1990,3,23,27.81
1990,3,24,29.83
1990,3,25,28.8
1990,3,26,29.62
1990,3,27,30.15
1990,3,28,30.38
1990,3,29,30.37
1990,3,30,29.38
1990,3,31,29.42
1990,4,1,29.94
1990,4,2,29.88
1990,4,3,30.89
1990,4,4,30.99
1990,4,5,30.48
1990,4,6,29.8
1990,4,7,28.89
1990,4,8,30.28
1990,4,9,30.33
1990,4,10,30.62
1990,4,11,30.08
1990,4,12,30.48
1990,4,13,26.49
1990,4,14,28.82
1990,4,15,25.75
1990,4,16,26.77
1990,4,17,29.15
1990,4,18,28.15
1990,4,19,29.78
1990,4,20,29.01
1990,4,21,29.42
1990,4,22,30.83
1990,4,23,29.58
1990,4,24,28.61
1990,4,25,29.62
1990,4,26,30.23
1990,4,27,30.13
1990,4,28,30.44
1990,4,29,30.11
1990,4,30,30.94
1990,5,1,30.57
1990,5,2,30.62
1990,5,3,30.6
1990,5,4,30.05
1990,5,5,30.38
1990,5,6,31.01
1990,5,7,30.64
1990,5,8,31.18
1990,5,9,30.73
1990,5,10,31.07
1990,5,11,28.83
1990,5,12,30.59
1990,5,13,29
1990,5,14,29.94
1990,5,15,31.23
1990,5,16,28.81
1990,5,17,29.36
1990,5,18,28.23
1990,5,19,26.31
1990,5,20,26.06
1990,5,21,28.19
1990,5,22,27.4
1990,5,23,26.69
1990,5,24,25.71
1990,5,25,25.33
1990,5,26,25.98
1990,5,27,27.3
1990,5,28,27.2
1990,5,29,26.61
1990,5,30,27.05
1990,5,31,28.08
1990,6,1,27.95
1990,6,2,26.59
1990,6,3,26.19
1990,6,4,26.37
1990,6,5,26.34
1990,6,6,25.12
1990,6,7,25.65
1990,6,8,25.62
1990,6,9,25.18
1990,6,10,25.37
1990,6,11,25.28
1990,6,12,24.31
1990,6,13,23.79
1990,6,14,25.08
1990,6,15,23.96
1990,6,16,22.69
1990,6,17,23.41
1990,6,18,25.58
1990,6,19,26.38
1990,6,20,24.95
1990,6,21,24.27
1990,6,22,24.65
1990,6,23,25.21
1990,6,24,25.9
1990,6,25,25.34
1990,6,26,25.23
1990,6,27,24.34
1990,6,28,24.47
1990,6,29,25.91
1990,6,30,26
1990,7,1,24.76
1990,7,2,25.69
1990,7,3,26.7
1990,7,4,27.37
1990,7,5,25.94
1990,7,6,26.9
1990,7,7,27.01
1990,7,8,27.02
1990,7,9,26.1
1990,7,10,26.25
1990,7,11,26.19
1990,7,12,25.98
1990,7,13,24.78
1990,7,14,24.69
1990,7,15,25.26
1990,7,16,25.48
1990,7,17,23.72
1990,7,18,24.6
1990,7,19,25.12
1990,7,20,24.87
1990,7,21,23.8
1990,7,22,23.57
1990,7,23,24.65
1990,7,24,25.5
1990,7,25,25.57
1990,7,26,25.72
1990,7,27,25.36
1990,7,28,25.71
1990,7,29,25.72
1990,7,30,25.55
1990,7,31,25.07
1990,8,1,25.34
1990,8,2,25.53
1990,8,3,24.83
1990,8,4,24.69
1990,8,5,25.13
1990,8,6,24.17
1990,8,7,25.4
1990,8,8,25.22
1990,8,9,25.3
1990,8,10,25.33
1990,8,11,25.34
1990,8,12,24.53
1990,8,13,23.15
1990,8,14,23.58
1990,8,15,23.33
1990,8,16,24.05
1990,8,17,23.31
1990,8,18,23.94
1990,8,19,24.01
1990,8,20,24.23
1990,8,21,24.63
1990,8,22,25.14
1990,8,23,24.64
1990,8,24,25.1
1990,8,25,23.84
1990,8,26,24.73
1990,8,27,24.49
1990,8,28,23.83
1990,8,29,24.37
1990,8,30,25.51
1990,8,31,25.18
1990,9,1,25.38
1990,9,2,25.01
1990,9,3,23.83
1990,9,4,23.8
1990,9,5,24.19
1990,9,6,24.36
1990,9,7,24.93
1990,9,8,24.87
1990,9,9,24.65
1990,9,10,25.18
1990,9,11,24.81
1990,9,12,24.17
1990,9,13,25.28
1990,9,14,26.15
1990,9,15,25.27
1990,9,16,24.08
1990,9,17,24.3
1990,9,18,24.55
1990,9,19,25.19
1990,9,20,24.71
1990,9,21,25.52
1990,9,22,25.29
1990,9,23,25.35
1990,9,24,25.05
1990,9,25,24.84
1990,9,26,24.41
1990,9,27,24.87
1990,9,28,24.2
1990,9,29,23.83
1990,9,30,24.36
1990,10,1,24.41
1990,10,2,23.5
1990,10,3,23.9
1990,10,4,24.27
1990,10,5,24.38
1990,10,6,24.37
1990,10,7,24.79
1990,10,8,25.01
1990,10,9,25.45
1990,10,10,25.23
1990,10,11,24.96
1990,10,12,24.9
1990,10,13,24.65
1990,10,14,23.91
1990,10,15,24.67
1990,10,16,24.87
1990,10,17,25.18
1990,10,18,24.19
1990,10,19,24.32
1990,10,20,25.08
1990,10,21,25.59
1990,10,22,25.72
1990,10,23,25.55
1990,10,24,25.62
1990,10,25,24.5
1990,10,26,24.22
1990,10,27,23.83
1990,10,28,24.23
1990,10,29,24.69
1990,10,30,24.96
1990,10,31,25.46
1990,11,1,25.89
1990,11,2,25.75
1990,11,3,25.73
1990,11,4,25.32
1990,11,5,24.04
1990,11,6,24.6
1990,11,7,24.2
1990,11,8,24.92
1990,11,9,24.13
1990,11,10,23.55
1990,11,11,21.62
1990,11,12,21.41
1990,11,13,23.44
1990,11,14,23.24
1990,11,15,21.89
1990,11,16,23.15
1990,11,17,24.01
1990,11,18,25.12
1990,11,19,25.89
1990,11,20,25.02
1990,11,21,25.69
1990,11,22,24.89
1990,11,23,25.3
1990,11,24,24.84
1990,11,25,24.48
1990,11,26,24.62
1990,11,27,24.4
1990,11,28,24.32
1990,11,29,22.24
1990,11,30,22.73
1990,12,1,21.95
1990,12,2,22.14
1990,12,3,24.08
1990,12,4,24.4
1990,12,5,23.26
1990,12,6,24.67
1990,12,7,25.75
1990,12,8,25.75
1990,12,9,25.85
1990,12,10,26.28
1990,12,11,25.12
1990,12,12,24.26
1990,12,13,26.04
1990,12,14,25.91
1990,12,15,25.9
1990,12,16,25.75
1990,12,17,26.02
1990,12,18,26.26
1990,12,19,26.27
1990,12,20,26.55
1990,12,21,26.15
1990,12,22,24.98
1990,12,23,24.08
1990,12,24,24.58
1990,12,25,25.8
1990,12,26,24.88
1990,12,27,24.12
1990,12,28,24.4
1990,12,29,24.96
1990,12,30,25.37
1990,12,31,26.76
1991,1,1,26.66
1991,1,2,26.86
1991,1,3,26.62
1991,1,4,27.51
1991,1,5,27.19
1991,1,6,26.41
1991,1,7,26.36
1991,1,8,25.96
1991,1,9,25.55
1991,1,10,25.16
1991,1,11,25.44
1991,1,12,26.21
1991,1,13,26.69
1991,1,14,26.68
1991,1,15,25.51
1991,1,16,25.59
1991,1,17,25.98
1991,1,18,26.43
1991,1,19,26.86
1991,1,20,27.86
1991,1,21,26.93
1991,1,22,27.49
1991,1,23,27.29
1991,1,24,26.55
1991,1,25,27.62
1991,1,26,27.92
1991,1,27,26.75
1991,1,28,26.55
1991,1,29,26.58
1991,1,30,26.53
1991,1,31,26.52
1991,2,1,26.47
1991,2,2,26.93
1991,2,3,26.74
1991,2,4,27.29
1991,2,5,25.08
1991,2,6,25.11
1991,2,7,26.52
1991,2,8,25.6
1991,2,9,26.03
1991,2,10,26.61
1991,2,11,26.44
1991,2,12,26.71
1991,2,13,28.23
1991,2,14,28.33
1991,2,15,28.52
1991,2,16,28.37
1991,2,17,28.02
1991,2,18,28.44
1991,2,19,27.96
1991,2,20,27.55
1991,2,21,26.72
1991,2,22,25.86
1991,2,23,25.9
1991,2,24,25.87
1991,2,25,27.01
1991,2,26,28.43
1991,2,27,28.65
1991,2,28,29.16
1991,3,1,28.94
1991,3,2,29.17
1991,3,3,29.5
1991,3,4,27.48
1991,3,5,27.25
1991,3,6,27.83
1991,3,7,28.26
1991,3,8,27.64
1991,3,9,28.15
1991,3,10,27.8
1991,3,11,28.64
1991,3,12,29.08
1991,3,13,28.96
1991,3,14,27.16
1991,3,15,27.98
1991,3,16,24.08
1991,3,17,26.52
1991,3,18,28.01
1991,3,19,28.87
1991,3,20,28.19
1991,3,21,28.55
1991,3,22,28.48
1991,3,23,28.64
1991,3,24,29.15
1991,3,25,28.34
1991,3,26,29.08
1991,3,27,28.51
1991,3,28,29.04
1991,3,29,28.95
1991,3,30,29.05
1991,3,31,29.6
1991,4,1,28.47
1991,4,2,27.83
1991,4,3,28.26
1991,4,4,28.8
1991,4,5,28.98
1991,4,6,28.9
1991,4,7,27.55
1991,4,8,27.17
1991,4,9,29.57
1991,4,10,29.55
1991,4,11,29.22
1991,4,12,29.62
1991,4,13,29
1991,4,14,30.18
1991,4,15,29.1
1991,4,16,29.36
1991,4,17,30.05
1991,4,18,30.07
1991,4,19,30.07
1991,4,20,29.53
1991,4,21,30.32
1991,4,22,29.3
1991,4,23,27.53
1991,4,24,27.96
1991,4,25,27.83
1991,4,26,29.94
1991,4,27,29.43
1991,4,28,29.43
1991,4,29,27.93
1991,4,30,29.4
1991,5,1,29.71
1991,5,2,27.14
1991,5,3,28.65
1991,5,4,29.09
1991,5,5,29.6
1991,5,6,29.31
1991,5,7,29.11
1991,5,8,29.08
1991,5,9,29.49
1991,5,10,28.49
1991,5,11,29.55
1991,5,12,30.08
1991,5,13,29.83
1991,5,14,29.55
1991,5,15,28.24
1991,5,16,27.1
1991,5,17,28.55
1991,5,18,26.82
1991,5,19,29.14
1991,5,20,29.24
1991,5,21,28.08
1991,5,22,29.27
1991,5,23,28.46
1991,5,24,27.12
1991,5,25,27.12
1991,5,26,27.08
1991,5,27,28.32
1991,5,28,27.66
1991,5,29,28.27
1991,5,30,28.63
1991,5,31,28.61
1991,6,1,28.23
1991,6,2,28.38
1991,6,3,27.82
1991,6,4,28.36
1991,6,5,26.06
1991,6,6,25.44
1991,6,7,25.15
1991,6,8,24.82
1991,6,9,24.64
1991,6,10,24.49
1991,6,11,23.93
1991,6,12,22.94
1991,6,13,25.22
1991,6,14,26.24
1991,6,15,25.68
1991,6,16,24.4
1991,6,17,23.91
1991,6,18,25.68
1991,6,19,25.9
1991,6,20,25.82
1991,6,21,25.51
1991,6,22,25.21
1991,6,23,23.88
1991,6,24,24.01
1991,6,25,24.44
1991,6,26,26.42
1991,6,27,26.83
1991,6,28,25.94
1991,6,29,25.49
1991,6,30,24.21
1991,7,1,24.31
1991,7,2,24.19
1991,7,3,24.08
1991,7,4,25.25
1991,7,5,25.57
1991,7,6,24.4
1991,7,7,24.07
1991,7,8,24.35
1991,7,9,24.59
1991,7,10,24.8
1991,7,11,24.65
1991,7,12,23.9
1991,7,13,23.4
1991,7,14,24.15
1991,7,15,24.98
1991,7,16,24.89
1991,7,17,25.4
1991,7,18,25.61
1991,7,19,24.59
1991,7,20,24.3
1991,7,21,24.83
1991,7,22,25.16
1991,7,23,24.44
1991,7,24,24.7
1991,7,25,24.26
1991,7,26,24.28
1991,7,27,24.07
1991,7,28,23.9
1991,7,29,24.07
1991,7,30,25.21
1991,7,31,24.98
1991,8,1,25.19
1991,8,2,25.21
1991,8,3,25.03
1991,8,4,23.96
1991,8,5,23.51
1991,8,6,24.7
1991,8,7,25.19
1991,8,8,25.36
1991,8,9,25.58
1991,8,10,25.55
1991,8,11,25.01
1991,8,12,24.54
1991,8,13,24.58
1991,8,14,24.38
1991,8,15,24.08
1991,8,16,24.98
1991,8,17,24.11
1991,8,18,24.36
1991,8,19,24.26
1991,8,20,24.37
1991,8,21,24.08
1991,8,22,23.86
1991,8,23,24.73
1991,8,24,25.08
1991,8,25,24.91
1991,8,26,25.39
1991,8,27,24.47
1991,8,28,23.83
1991,8,29,24.51
1991,8,30,25.21
1991,8,31,24.69
1991,9,1,24.72
1991,9,2,24.87
1991,9,3,23.8
1991,9,4,24.48
1991,9,5,24.23
1991,9,6,24.26
1991,9,7,24.41
1991,9,8,24.17
1991,9,9,23.51
1991,9,10,24.3
1991,9,11,24.2
1991,9,12,23.65
1991,9,13,24.23
1991,9,14,24.07
1991,9,15,24.64
1991,9,16,24.04
1991,9,17,24.73
1991,9,18,24.65
1991,9,19,23.56
1991,9,20,24.1
1991,9,21,24.04
1991,9,22,24.83
1991,9,23,24.48
1991,9,24,23.76
1991,9,25,24.41
1991,9,26,24.42
1991,9,27,24.4
1991,9,28,23.89
1991,9,29,23.85
1991,9,30,23.76
1991,10,1,23.55
1991,10,2,24.09
1991,10,3,23.73
1991,10,4,23.38
1991,10,5,24.11
1991,10,6,24.27
1991,10,7,24.17
1991,10,8,24.3
1991,10,9,24.41
1991,10,10,24.54
1991,10,11,23.79
1991,10,12,24.64
1991,10,13,23.56
1991,10,14,24.55
1991,10,15,24.8
1991,10,16,24.62
1991,10,17,24.6
1991,10,18,24.84
1991,10,19,24.08
1991,10,20,23.94
1991,10,21,23.56
1991,10,22,23.3
1991,10,23,23.64
1991,10,24,23.39
1991,10,25,23.37
1991,10,26,24.42
1991,10,27,24
1991,10,28,22.44
1991,10,29,23.08
1991,10,30,23.15
1991,10,31,22.6
1991,11,1,22.15
1991,11,2,23.65
1991,11,3,23.77
1991,11,4,23.65
1991,11,5,24.11
1991,11,6,24.55
1991,11,7,24.04
1991,11,8,23.96
1991,11,9,23.63
1991,11,10,23.62
1991,11,11,21.87
1991,11,12,22.01
1991,11,13,20.99
1991,11,14,20.84
1991,11,15,21.58
1991,11,16,23.28
1991,11,17,23.37
1991,11,18,22.02
1991,11,19,20.96
1991,11,20,23
1991,11,21,24.67
1991,11,22,24.1
1991,11,23,24.24
1991,11,24,24.01
1991,11,25,24.06
1991,11,26,24.18
1991,11,27,23.69
1991,11,28,24.15
1991,11,29,25.1
1991,11,30,24.8
1991,12,1,24.42
1991,12,2,23.43
1991,12,3,22.62
1991,12,4,22.37
1991,12,5,22.49
1991,12,6,22.15
1991,12,7,23.26
1991,12,8,24.05
1991,12,9,24.07
1991,12,10,23.54
1991,12,11,23.95
1991,12,12,24.28
1991,12,13,24.73
1991,12,14,24.69
1991,12,15,25.23
1991,12,16,24.47
1991,12,17,24.73
1991,12,18,25.05
1991,12,19,24.4
1991,12,20,23.82
1991,12,21,23.65
1991,12,22,25.14
1991,12,23,25.82
1991,12,24,25.75
1991,12,25,25.98
1991,12,26,25.79
1991,12,27,25.76
1991,12,28,25.96
1991,12,29,23.5
1991,12,30,24.49
1991,12,31,25.08
1992,1,1,25.5
1992,1,2,25.2
1992,1,3,25.46
1992,1,4,26.06
1992,1,5,25.48
1992,1,6,23.73
1992,1,7,24.97
1992,1,8,25.05
1992,1,9,23.98
1992,1,10,24.26
1992,1,11,24.53
1992,1,12,24.8
1992,1,13,25.4
1992,1,14,23.58
1992,1,15,22.85
1992,1,16,21.61
1992,1,17,21.59
1992,1,18,21.63
1992,1,19,22.65
1992,1,20,21.9
1992,1,21,22.94
1992,1,22,22.28
1992,1,23,22.53
1992,1,24,23.33
1992,1,25,24.99
1992,1,26,25.74
1992,1,27,25.91
1992,1,28,25.34
1992,1,29,25.38
1992,1,30,25.15
1992,1,31,26.45
1992,2,1,26.26
1992,2,2,26.24
1992,2,3,26.76
1992,2,4,26.88
1992,2,5,27.88
1992,2,6,27.87
1992,2,7,27.9
1992,2,8,27.33
1992,2,9,27.25
1992,2,10,26.51
1992,2,11,26.15
1992,2,12,27.26
1992,2,13,26.53
1992,2,14,26.63
1992,2,15,26.75
1992,2,16,27.41
1992,2,17,27.18
1992,2,18,27.47
1992,2,19,27.28
1992,2,20,27.12
1992,2,21,26.17
1992,2,22,27.43
1992,2,23,27.39
1992,2,24,26.33
1992,2,25,25.76
1992,2,26,26.06
1992,2,27,26.76
1992,2,28,27.61
1992,2,29,27.62
1992,3,1,27.19
1992,3,2,27.11
1992,3,3,27.18
1992,3,4,28.01
1992,3,5,28.26
1992,3,6,28.22
1992,3,7,27.24
1992,3,8,27.32
1992,3,9,28.45
1992,3,10,28.62
1992,3,11,29.3
1992,3,12,29.02
1992,3,13,29.08
1992,3,14,28.17
1992,3,15,28.58
1992,3,16,28.95
1992,3,17,28.86
1992,3,18,28.18
1992,3,19,29.22
1992,3,20,29.26
1992,3,21,30
1992,3,22,30.41
1992,3,23,30.5
1992,3,24,29.62
1992,3,25,28.96
1992,3,26,29.05
1992,3,27,28.92
1992,3,28,28.9
1992,3,29,30.07
1992,3,30,29.88
1992,3,31,29.81
1992,4,1,29.72
1992,4,2,30.01
1992,4,3,29.62
1992,4,4,29.3
1992,4,5,28.9
1992,4,6,29.19
1992,4,7,29.48
1992,4,8,29.55
1992,4,9,29.3
1992,4,10,28.65
1992,4,11,29.36
1992,4,12,27.67
1992,4,13,26.79
1992,4,14,26.05
1992,4,15,27.5
1992,4,16,28.25
1992,4,17,27.33
1992,4,18,27.99
1992,4,19,28.62
1992,4,20,29.21
1992,4,21,30.16
1992,4,22,29.07
1992,4,23,29.23
1992,4,24,30.03
1992,4,25,29.76
1992,4,26,29.85
1992,4,27,30.93
1992,4,28,30.46
1992,4,29,30.57
1992,4,30,30.52
1992,5,1,30.05
1992,5,2,27.28
1992,5,3,27.35
1992,5,4,28.94
1992,5,5,29.78
1992,5,6,29.3
1992,5,7,27.48
1992,5,8,27.52
1992,5,9,28.26
1992,5,10,27.98
1992,5,11,29.55
1992,5,12,30.36
1992,5,13,30.77
1992,5,14,30.65
1992,5,15,27.25
1992,5,16,26.34
1992,5,17,26.98
1992,5,18,28.01
1992,5,19,26.49
1992,5,20,27.99
1992,5,21,28.3
1992,5,22,27.01
1992,5,23,25.25
1992,5,24,26.08
1992,5,25,25.76
1992,5,26,27.37
1992,5,27,26.35
1992,5,28,27.22
1992,5,29,28.07
1992,5,30,27.98
1992,5,31,29.01
1992,6,1,28.37
1992,6,2,26.81
1992,6,3,28.65
1992,6,4,27.47
1992,6,5,28.74
1992,6,6,29.3
1992,6,7,28.95
1992,6,8,28.4
1992,6,9,25.26
1992,6,10,25.37
1992,6,11,25.5
1992,6,12,26.09
1992,6,13,26.35
1992,6,14,25.22
1992,6,15,25.51
1992,6,16,24.48
1992,6,17,25.62
1992,6,18,24.61
1992,6,19,24.04
1992,6,20,24.96
1992,6,21,25.71
1992,6,22,24.58
1992,6,23,24.31
1992,6,24,25.22
1992,6,25,23.87
1992,6,26,24.19
1992,6,27,23.9
1992,6,28,24.33
1992,6,29,25.05
1992,6,30,25.72
1992,7,1,24.94
1992,7,2,25.17
1992,7,3,25.75
1992,7,4,25.22
1992,7,5,25.33
1992,7,6,25.3
1992,7,7,25.3
1992,7,8,25.44
1992,7,9,24.47
1992,7,10,25.64
1992,7,11,26.62
1992,7,12,26.18
1992,7,13,24.92
1992,7,14,25.42
1992,7,15,24.04
1992,7,16,25.45
1992,7,17,24.56
1992,7,18,25.23
1992,7,19,25.04
1992,7,20,25.62
1992,7,21,24.78
1992,7,22,24.3
1992,7,23,24.03
1992,7,24,24.3
1992,7,25,24.58
1992,7,26,24.1
1992,7,27,25.3
1992,7,28,24.55
1992,7,29,24.55
1992,7,30,24.83
1992,7,31,24.88
1992,8,1,25.62
1992,8,2,23.95
1992,8,3,25.07
1992,8,4,26.19
1992,8,5,25.8
1992,8,6,25.43
1992,8,7,26.38
1992,8,8,25.33
1992,8,9,25.87
1992,8,10,24.64
1992,8,11,24.22
1992,8,12,24.87
1992,8,13,25.47
1992,8,14,24.62
1992,8,15,24.24
1992,8,16,24.24
1992,8,17,24.26
1992,8,18,24.1
1992,8,19,23.75
1992,8,20,23.88
1992,8,21,23.85
1992,8,22,24.27
1992,8,23,24.33
1992,8,24,24.37
1992,8,25,24.76
1992,8,26,24.93
1992,8,27,24.83
1992,8,28,24.47
1992,8,29,24.52
1992,8,30,24.61
1992,8,31,24.68
1992,9,1,24.99
1992,9,2,25.19
1992,9,3,24.99
1992,9,4,24.33
1992,9,5,23.76
1992,9,6,24.87
1992,9,7,24.66
1992,9,8,25.01
1992,9,9,24.51
1992,9,10,24.65
1992,9,11,24.22
1992,9,12,23.26
1992,9,13,24.51
1992,9,14,24.8
1992,9,15,24.98
1992,9,16,24.97
1992,9,17,23.56
1992,9,18,23.83
1992,9,19,23.87
1992,9,20,23.86
1992,9,21,24.34
1992,9,22,23.91
1992,9,23,24.42
1992,9,24,24.72
1992,9,25,24.57
1992,9,26,25.53
1992,9,27,25.41
1992,9,28,24.67
1992,9,29,24.76
1992,9,30,24.51
1992,10,1,24.09
1992,10,2,24.94
1992,10,3,25.18
1992,10,4,25.51
1992,10,5,23.89
1992,10,6,24.81
1992,10,7,25.04
1992,10,8,25.45
1992,10,9,24.83
1992,10,10,24.7
1992,10,11,23.94
1992,10,12,24.2
1992,10,13,24.6
1992,10,14,24.19
1992,10,15,23.29
1992,10,16,24.14
1992,10,17,24.01
1992,10,18,23.97
1992,10,19,24.15
1992,10,20,24.73
1992,10,21,24.61
1992,10,22,24.37
1992,10,23,24.37
1992,10,24,23.5
1992,10,25,23.59
1992,10,26,24.4
1992,10,27,23.03
1992,10,28,22.96
1992,10,29,23.35
1992,10,30,23.17
1992,10,31,23.72
1992,11,1,23.89
1992,11,2,23.65
1992,11,3,23.91
1992,11,4,23.94
1992,11,5,23.75
1992,11,6,23.4
1992,11,7,24.26
1992,11,8,24.06
1992,11,9,22.37
1992,11,10,22.95
1992,11,11,23.57
1992,11,12,24.05
1992,11,13,23.69
1992,11,14,22.8
1992,11,15,23.31
1992,11,16,23.06
1992,11,17,24.16
1992,11,18,24.61
1992,11,19,25.35
1992,11,20,24.3
1992,11,21,23.33
1992,11,22,23.74
1992,11,23,22.83
1992,11,24,23.53
1992,11,25,22.83
1992,11,26,21.62
1992,11,27,21.76
1992,11,28,21.81
1992,11,29,20.9
1992,11,30,20.54
1992,12,1,21.42
1992,12,2,22.86
1992,12,3,23.55
1992,12,4,23.97
1992,12,5,23.97
1992,12,6,24.73
1992,12,7,23.7
1992,12,8,24.14
1992,12,9,24.28
1992,12,10,25.25
1992,12,11,24.2
1992,12,12,23.7
1992,12,13,24.27
1992,12,14,24.56
1992,12,15,23.27
1992,12,16,22.81
1992,12,17,21.77
1992,12,18,21.68
1992,12,19,23.57
1992,12,20,25.05
1992,12,21,24.68
1992,12,22,24.55
1992,12,23,22.84
1992,12,24,24.17
1992,12,25,24.33
1992,12,26,25.28
1992,12,27,25.38
1992,12,28,26.17
1992,12,29,26.86
1992,12,30,25.9
1992,12,31,24.48
1993,1,1,23.97
1993,1,2,23.69
1993,1,3,23.76
1993,1,4,24.93
1993,1,5,24.56
1993,1,6,24.45
1993,1,7,24.01
1993,1,8,24.12
1993,1,9,25.05
1993,1,10,26.16
1993,1,11,26.55
1993,1,12,24.34
1993,1,13,25.49
1993,1,14,27.23
1993,1,15,27.75
1993,1,16,26.26
1993,1,17,25.21
1993,1,18,25.33
1993,1,19,25.37
1993,1,20,24.85
1993,1,21,24.78
1993,1,22,24.21
1993,1,23,24.96
1993,1,24,25.05
1993,1,25,22.49
1993,1,26,22.26
1993,1,27,22.44
1993,1,28,20.23
1993,1,29,20.84
1993,1,30,20.87
1993,1,31,22.79
1993,2,1,22.84
1993,2,2,23.53
1993,2,3,24.33
1993,2,4,24.22
1993,2,5,24.33
1993,2,6,24.87
1993,2,7,25.55
1993,2,8,26.26
1993,2,9,26.56
1993,2,10,26.3
1993,2,11,25.85
1993,2,12,25.37
1993,2,13,24.57
1993,2,14,24.98
1993,2,15,25.23
1993,2,16,26
1993,2,17,26.54
1993,2,18,26.31
1993,2,19,26.48
1993,2,20,26.78
1993,2,21,27.41
1993,2,22,27.43
1993,2,23,27.23
1993,2,24,26.24
1993,2,25,27.49
1993,2,26,27.87
1993,2,27,28.16
1993,2,28,29.19
1993,3,1,28.14
1993,3,2,26.7
1993,3,3,27.22
1993,3,4,26.31
1993,3,5,25.94
1993,3,6,28.07
1993,3,7,29.19
1993,3,8,28.87
1993,3,9,28.72
1993,3,10,29.23
1993,3,11,29.52
1993,3,12,29.1
1993,3,13,28.3
1993,3,14,27.59
1993,3,15,28.14
1993,3,16,27.21
1993,3,17,27.72
1993,3,18,27.42
1993,3,19,26.76
1993,3,20,24.72
1993,3,21,27.18
1993,3,22,27.4
1993,3,23,27.71
1993,3,24,27.49
1993,3,25,27.87
1993,3,26,27.9
1993,3,27,27.73
1993,3,28,27.98
1993,3,29,28.3
1993,3,30,28.99
1993,3,31,28.96
1993,4,1,29.08
1993,4,2,29.71
1993,4,3,29.94
1993,4,4,29.86
1993,4,5,29.73
1993,4,6,29.61
1993,4,7,29.8
1993,4,8,29.7
1993,4,9,30.86
1993,4,10,29.53
1993,4,11,27.37
1993,4,12,28.43
1993,4,13,29.81
1993,4,14,30.19
1993,4,15,30.08
1993,4,16,27.98
1993,4,17,27.09
1993,4,18,25.78
1993,4,19,26.89
1993,4,20,28.26
1993,4,21,28.83
1993,4,22,29.23
1993,4,23,28.77
1993,4,24,28.76
1993,4,25,29.56
1993,4,26,29.26
1993,4,27,29.77
1993,4,28,29.55
1993,4,29,30.15
1993,4,30,29.35
1993,5,1,29.51
1993,5,2,29.98
1993,5,3,30.14
1993,5,4,30.57
1993,5,5,30.66
1993,5,6,30.44
1993,5,7,30.19
1993,5,8,28.83
1993,5,9,28.66
1993,5,10,27.15
1993,5,11,26.45
1993,5,12,27.48
1993,5,13,27.78
1993,5,14,29.11
1993,5,15,28.08
1993,5,16,27.4
1993,5,17,25.22
1993,5,18,24.35
1993,5,19,25.17
1993,5,20,25.79
1993,5,21,26.73
1993,5,22,26.98
1993,5,23,25.9
1993,5,24,25.33
1993,5,25,25.26
1993,5,26,26.23
1993,5,27,26.49
1993,5,28,26.56
1993,5,29,26.89
1993,5,30,26.69
1993,5,31,27.59
1993,6,1,28.4
1993,6,2,28.17
1993,6,3,27.67
1993,6,4,27.89
1993,6,5,26.69
1993,6,6,25.61
1993,6,7,25.62
1993,6,8,26.45
1993,6,9,25.58
1993,6,10,26.26
1993,6,11,25.36
1993,6,12,24.76
1993,6,13,25.58
1993,6,14,25.27
1993,6,15,25.62
1993,6,16,25.34
1993,6,17,25.62
1993,6,18,26.04
1993,6,19,25.87
1993,6,20,25.51
1993,6,21,25.51
1993,6,22,24.67
1993,6,23,24.61
1993,6,24,24.05
1993,6,25,25.55
1993,6,26,25.48
1993,6,27,25.18
1993,6,28,25.04
1993,6,29,25.44
1993,6,30,25.26
1993,7,1,25.8
1993,7,2,25.77
1993,7,3,25.11
1993,7,4,25.01
1993,7,5,24.41
1993,7,6,24.34
1993,7,7,24.86
1993,7,8,24.48
1993,7,9,23.91
1993,7,10,24.24
1993,7,11,23.91
1993,7,12,23.91
1993,7,13,24.48
1993,7,14,25.4
1993,7,15,25.73
1993,7,16,25.02
1993,7,17,25.68
1993,7,18,25.58
1993,7,19,25.73
1993,7,20,25.4
1993,7,21,25.83
1993,7,22,25.81
1993,7,23,26.02
1993,7,24,25.23
1993,7,25,25.4
1993,7,26,25.43
1993,7,27,24.92
1993,7,28,24.8
1993,7,29,24.09
1993,7,30,24.14
1993,7,31,24.37
1993,8,1,24.73
1993,8,2,24.56
1993,8,3,23.88
1993,8,4,24.78
1993,8,5,24.64
1993,8,6,24.06
1993,8,7,23.94
1993,8,8,24.5
1993,8,9,23.75
1993,8,10,24.04
1993,8,11,24.91
1993,8,12,24.44
1993,8,13,23.98
1993,8,14,24.39
1993,8,15,24.56
1993,8,16,24.57
1993,8,17,23.98
1993,8,18,23.92
1993,8,19,23.51
1993,8,20,23.58
1993,8,21,24.58
1993,8,22,24.47
1993,8,23,24.51
1993,8,24,24.86
1993,8,25,24.7
1993,8,26,25.22
1993,8,27,24.5
1993,8,28,23.67
1993,8,29,23.94
1993,8,30,24.93
1993,8,31,23.9
1993,9,1,22.87
1993,9,2,24.05
1993,9,3,24.71
1993,9,4,24.64
1993,9,5,24.44
1993,9,6,24.29
1993,9,7,23.46
1993,9,8,24.43
1993,9,9,24.29
1993,9,10,24.24
1993,9,11,24.57
1993,9,12,24.72
1993,9,13,23.43
1993,9,14,23.86
1993,9,15,23.19
1993,9,16,23.77
1993,9,17,24.27
1993,9,18,24.01
1993,9,19,23.86
1993,9,20,23.57
1993,9,21,25.11
1993,9,22,25.15
1993,9,23,24.86
1993,9,24,24.63
1993,9,25,23.72
1993,9,26,24.37
1993,9,27,24.67
1993,9,28,24.48
1993,9,29,24.55
1993,9,30,24.54
1993,10,1,24.71
1993,10,2,23.95
1993,10,3,23.53
1993,10,4,23.51
1993,10,5,23.87
1993,10,6,24.19
1993,10,7,24.19
1993,10,8,24.66
1993,10,9,22.95
1993,10,10,24.23
1993,10,11,23.49
1993,10,12,23.98
1993,10,13,24.62
1993,10,14,24.27
1993,10,15,24.39
1993,10,16,24.08
1993,10,17,24.44
1993,10,18,23.83
1993,10,19,24.14
1993,10,20,24.55
1993,10,21,23.51
1993,10,22,23.98
1993,10,23,24.11
1993,10,24,23.76
1993,10,25,24.9
1993,10,26,24.22
1993,10,27,23.9
1993,10,28,23.95
1993,10,29,24.07
1993,10,30,23.77
1993,10,31,23.92
1993,11,1,23.66
1993,11,2,22.44
1993,11,3,22.01
1993,11,4,23.69
1993,11,5,24.83
1993,11,6,24.97
1993,11,7,24.41
1993,11,8,25.26
1993,11,9,25.38
1993,11,10,25.48
1993,11,11,25
1993,11,12,24.51
1993,11,13,23.93
1993,11,14,24.61
1993,11,15,24.62
1993,11,16,24.76
1993,11,17,24.5
1993,11,18,25
1993,11,19,24.65
1993,11,20,24.84
1993,11,21,24.65
1993,11,22,23.55
1993,11,23,23.7
1993,11,24,22.69
1993,11,25,24.58
1993,11,26,23.51
1993,11,27,23.85
1993,11,28,24.73
1993,11,29,23.5
1993,11,30,24.2
1993,12,1,24.78
1993,12,2,24.8
1993,12,3,25.02
1993,12,4,23.97
1993,12,5,23.65
1993,12,6,23.12
1993,12,7,21.99
1993,12,8,22.07
1993,12,9,22.86
1993,12,10,24.12
1993,12,11,24.82
1993,12,12,25.44
1993,12,13,25.4
1993,12,14,24.3
1993,12,15,24.63
1993,12,16,24.37
1993,12,17,23.22
1993,12,18,23.45
1993,12,19,23.08
1993,12,20,23.29
1993,12,21,23.59
1993,12,22,23.48
1993,12,23,22.94
1993,12,24,22.35
1993,12,25,22.16
1993,12,26,21.2
1993,12,27,21.75
1993,12,28,22.58
1993,12,29,23.08
1993,12,30,23.37
1993,12,31,24.21
1994,1,1,23.16
1994,1,2,23.33
1994,1,3,25.18
1994,1,4,24.7
1994,1,5,23.43
1994,1,6,23.15
1994,1,7,23.07
1994,1,8,25.51
1994,1,9,25.9
1994,1,10,26.53
1994,1,11,26.1
1994,1,12,25.94
1994,1,13,25.7
1994,1,14,23.76
1994,1,15,22.71
1994,1,16,23.44
1994,1,17,23.72
1994,1,18,24.07
1994,1,19,24.39
1994,1,20,24.88
1994,1,21,23.71
1994,1,22,23.35
1994,1,23,22.74
1994,1,24,22.8
1994,1,25,23.29
1994,1,26,25.16
1994,1,27,26.23
1994,1,28,25.47
1994,1,29,25.43
1994,1,30,26.28
1994,1,31,26.3
1994,2,1,26.11
1994,2,2,25.73
1994,2,3,26.49
1994,2,4,26.89
1994,2,5,27.56
1994,2,6,27.76
1994,2,7,27.76
1994,2,8,28.17
1994,2,9,28.19
1994,2,10,28.33
1994,2,11,28.4
1994,2,12,27.49
1994,2,13,27.82
1994,2,14,28.23
1994,2,15,27.93
1994,2,16,27.9
1994,2,17,27.68
1994,2,18,27.38
1994,2,19,27.65
1994,2,20,28.18
1994,2,21,27.44
1994,2,22,27.3
1994,2,23,27.62
1994,2,24,26.9
1994,2,25,27.65
1994,2,26,27.01
1994,2,27,26.12
1994,2,28,26.21
1994,3,1,27.12
1994,3,2,27.44
1994,3,3,27.41
1994,3,4,26.55
1994,3,5,27.5
1994,3,6,27.37
1994,3,7,29.07
1994,3,8,29.12
1994,3,9,29.62
1994,3,10,28.23
1994,3,11,28.81
1994,3,12,28.53
1994,3,13,28.88
1994,3,14,27.67
1994,3,15,28.31
1994,3,16,27.18
1994,3,17,27.53
1994,3,18,27.78
1994,3,19,27.06
1994,3,20,28.45
1994,3,21,27.03
1994,3,22,26.76
1994,3,23,28.22
1994,3,24,27.63
1994,3,25,28.73
1994,3,26,29.72
1994,3,27,29.42
1994,3,28,29.58
1994,3,29,30.48
1994,3,30,29.76
1994,3,31,29.67
1994,4,1,29.62
1994,4,2,29.72
1994,4,3,29.06
1994,4,4,29.24
1994,4,5,29.44
1994,4,6,28.01
1994,4,7,26
1994,4,8,28.22
1994,4,9,26.87
1994,4,10,26.47
1994,4,11,28.08
1994,4,12,27.33
1994,4,13,29.4
1994,4,14,29.36
1994,4,15,30.61
1994,4,16,29.3
1994,4,17,29.26
1994,4,18,28.53
1994,4,19,28.27
1994,4,20,28.48
1994,4,21,27.89
1994,4,22,28.99
1994,4,23,29.97
1994,4,24,30.2
1994,4,25,29.58
1994,4,26,29.88
1994,4,27,30.07
1994,4,28,30.71
1994,4,29,30.77
1994,4,30,30.44
1994,5,1,30.51
1994,5,2,28.89
1994,5,3,31.04
1994,5,4,28.05
1994,5,5,26.76
1994,5,6,25.73
1994,5,7,25.62
1994,5,8,25.59
1994,5,9,25.15
1994,5,10,25.79
1994,5,11,26.02
1994,5,12,25.94
1994,5,13,25.28
1994,5,14,25.1
1994,5,15,26.55
1994,5,16,27.26
1994,5,17,26.4
1994,5,18,25.15
1994,5,19,24.97
1994,5,20,25.19
1994,5,21,26.84
1994,5,22,27.07
1994,5,23,24.83
1994,5,24,25.24
1994,5,25,24.94
1994,5,26,25.47
1994,5,27,24.59
1994,5,28,25.9
1994,5,29,26.4
1994,5,30,25.58
1994,5,31,26.08
1994,6,1,26.48
1994,6,2,25.76
1994,6,3,25.59
1994,6,4,25.84
1994,6,5,26.25
1994,6,6,24.94
1994,6,7,24.77
1994,6,8,24.77
1994,6,9,25.22
1994,6,10,24.98
1994,6,11,24.75
1994,6,12,25.55
1994,6,13,24.98
1994,6,14,25.51
1994,6,15,24.44
1994,6,16,25.05
1994,6,17,25.23
1994,6,18,24.95
1994,6,19,25.05
1994,6,20,24.38
1994,6,21,25.01
1994,6,22,24.62
1994,6,23,24.87
1994,6,24,24.27
1994,6,25,25.37
1994,6,26,25.8
1994,6,27,24.62
1994,6,28,24.23
1994,6,29,23.47
1994,6,30,24.8
1994,7,1,25.1
1994,7,2,24.95
1994,7,3,24.61
1994,7,4,25.12
1994,7,5,24.43
1994,7,6,24.34
1994,7,7,24.55
1994,7,8,24.96
1994,7,9,24.69
1994,7,10,23.76
1994,7,11,23.65
1994,7,12,23.99
1994,7,13,24.24
1994,7,14,24.48
1994,7,15,24.32
1994,7,16,24.2
1994,7,17,24.94
1994,7,18,24.78
1994,7,19,23.74
1994,7,20,23.82
1994,7,21,24.64
1994,7,22,24.19
1994,7,23,23.66
1994,7,24,24.48
1994,7,25,25.13
1994,7,26,25.03
1994,7,27,24.68
1994,7,28,24.33
1994,7,29,24.67
1994,7,30,24.05
1994,7,31,24.44
1994,8,1,24.25
1994,8,2,24.67
1994,8,3,24.11
1994,8,4,24.26
1994,8,5,25.18
1994,8,6,24.85
1994,8,7,24.28
1994,8,8,24.53
1994,8,9,24.97
1994,8,10,24.87
1994,8,11,25.07
1994,8,12,25.83
1994,8,13,26.1
1994,8,14,25.8
1994,8,15,25.55
1994,8,16,25.23
1994,8,17,24.88
1994,8,18,25.42
1994,8,19,25.03
1994,8,20,24.78
1994,8,21,25.81
1994,8,22,25.8
1994,8,23,25.43
1994,8,24,24.26
1994,8,25,23.18
1994,8,26,24.11
1994,8,27,24.81
1994,8,28,24.62
1994,8,29,23.77
1994,8,30,23.74
1994,8,31,23.77
1994,9,1,24.05
1994,9,2,24.26
1994,9,3,23.59
1994,9,4,24.08
1994,9,5,24.12
1994,9,6,24.65
1994,9,7,24.93
1994,9,8,25
1994,9,9,24.44
1994,9,10,24.33
1994,9,11,24.05
1994,9,12,24.3
1994,9,13,24.79
1994,9,14,25.1
1994,9,15,23.96
1994,9,16,24.05
1994,9,17,24.16
1994,9,18,23.44
1994,9,19,24.09
1994,9,20,24.16
1994,9,21,24.01
1994,9,22,24.6
1994,9,23,24.5
1994,9,24,23.99
1994,9,25,24.35
1994,9,26,23.58
1994,9,27,23.7
1994,9,28,23.67
1994,9,29,24.3
1994,9,30,24.57
1994,10,1,25.09
1994,10,2,25.17
1994,10,3,24.6
1994,10,4,24.71
1994,10,5,24.35
1994,10,6,25.37
1994,10,7,25.3
1994,10,8,24.4
1994,10,9,25.41
1994,10,10,24.85
1994,10,11,24.83
1994,10,12,24.69
1994,10,13,24.31
1994,10,14,24.52
1994,10,15,25.23
1994,10,16,24.65
1994,10,17,25.4
1994,10,18,25.12
1994,10,19,24.98
1994,10,20,23.27
1994,10,21,23.29
1994,10,22,23.08
1994,10,23,22.4
1994,10,24,20.81
1994,10,25,20.32
1994,10,26,22.16
1994,10,27,23.78
1994,10,28,23.79
1994,10,29,23.93
1994,10,30,23.64
1994,10,31,22.8
1994,11,1,22.94
1994,11,2,22.71
1994,11,3,22.39
1994,11,4,23.17
1994,11,5,23.98
1994,11,6,23.42
1994,11,7,22.53
1994,11,8,22.3
1994,11,9,23.25
1994,11,10,23.68
1994,11,11,23.7
1994,11,12,23.28
1994,11,13,24.13
1994,11,14,23.64
1994,11,15,23.15
1994,11,16,23.7
1994,11,17,23.49
1994,11,18,23.28
1994,11,19,24.07
1994,11,20,25.13
1994,11,21,24.68
1994,11,22,24.65
1994,11,23,25.03
1994,11,24,24.8
1994,11,25,24.4
1994,11,26,24.83
1994,11,27,25.47
1994,11,28,25.11
1994,11,29,24.84
1994,11,30,25.05
1994,12,1,23.9
1994,12,2,25.02
1994,12,3,24.98
1994,12,4,24.29
1994,12,5,23.59
1994,12,6,22.4
1994,12,7,22.09
1994,12,8,23.48
1994,12,9,24.71
1994,12,10,24.86
1994,12,11,23.69
1994,12,12,23.68
1994,12,13,24.18
1994,12,14,23.58
1994,12,15,23.49
1994,12,16,23.95
1994,12,17,23.55
1994,12,18,22.71
1994,12,19,22.68
1994,12,20,22.83
1994,12,21,22.87
1994,12,22,22.54
1994,12,23,23.13
1994,12,24,24.58
1994,12,25,25.39
1994,12,26,25.8
1994,12,27,26.01
1994,12,28,24.47
1994,12,29,23.23
1994,12,30,23.08
1994,12,31,23.59
1995,1,1,24.55
1995,1,2,25.37
1995,1,3,26.19
1995,1,4,26.43
1995,1,5,23
1995,1,6,21.48
1995,1,7,20.76
1995,1,8,22.75
1995,1,9,25.19
1995,1,10,26.28
1995,1,11,26.08
1995,1,12,25.61
1995,1,13,23.81
1995,1,14,23.33
1995,1,15,23.61
1995,1,16,23.66
1995,1,17,24.08
1995,1,18,24.6
1995,1,19,24.98
1995,1,20,23.35
1995,1,21,23.9
1995,1,22,25.24
1995,1,23,25.48
1995,1,24,26.62
1995,1,25,27.13
1995,1,26,26.26
1995,1,27,26.93
1995,1,28,26.73
1995,1,29,25.51
1995,1,30,24.89
1995,1,31,23.58
1995,2,1,23
1995,2,2,22.93
1995,2,3,24.17
1995,2,4,23.63
1995,2,5,22.15
1995,2,6,23.33
1995,2,7,24.26
1995,2,8,24.3
1995,2,9,25.55
1995,2,10,26.35
1995,2,11,27.17
1995,2,12,27.19
1995,2,13,27.98
1995,2,14,28.06
1995,2,15,27.69
1995,2,16,27.99
1995,2,17,26.37
1995,2,18,27.7
1995,2,19,27.08
1995,2,20,27.67
1995,2,21,28.27
1995,2,22,28.54
1995,2,23,26.34
1995,2,24,26.58
1995,2,25,27.15
1995,2,26,27.23
1995,2,27,28.4
1995,2,28,28.65
1995,3,1,28.37
1995,3,2,28.01
1995,3,3,26.26
1995,3,4,26.65
1995,3,5,25.91
1995,3,6,27.38
1995,3,7,26.79
1995,3,8,27.33
1995,3,9,28.21
1995,3,10,28.06
1995,3,11,27.73
1995,3,12,27.55
1995,3,13,27.1
1995,3,14,26.61
1995,3,15,28.55
1995,3,16,29.5
1995,3,17,29.65
1995,3,18,27.92
1995,3,19,28.44
1995,3,20,28.23
1995,3,21,27.12
1995,3,22,28.15
1995,3,23,28.99
1995,3,24,28.72
1995,3,25,29.28
1995,3,26,28.55
1995,3,27,28.94
1995,3,28,29.26
1995,3,29,29.37
1995,3,30,29.28
1995,3,31,27.65
1995,4,1,29.33
1995,4,2,30.01
1995,4,3,30.88
1995,4,4,30.1
1995,4,5,30.01
1995,4,6,30.8
1995,4,7,30.1
1995,4,8,28.28
1995,4,9,29.56
1995,4,10,29.83
1995,4,11,30.3
1995,4,12,29.09
1995,4,13,29.46
1995,4,14,29.96
1995,4,15,29.83
1995,4,16,29.14
1995,4,17,30.21
1995,4,18,30.33
1995,4,19,30.35
1995,4,20,30.37
1995,4,21,30.54
1995,4,22,30.17
1995,4,23,29.77
1995,4,24,29.79
1995,4,25,27.62
1995,4,26,29.29
1995,4,27,28.58
1995,4,28,29.22
1995,4,29,29.61
1995,4,30,29.11
1995,5,1,29.95
1995,5,2,29.62
1995,5,3,29.75
1995,5,4,29.96
1995,5,5,30.11
1995,5,6,30.87
1995,5,7,31.12
1995,5,8,30.03
1995,5,9,27.1
1995,5,10,28.11
1995,5,11,26.78
1995,5,12,25.08
1995,5,13,25.69
1995,5,14,24.13
1995,5,15,26.97
1995,5,16,26.84
1995,5,17,25.98
1995,5,18,26.32
1995,5,19,25.01
1995,5,20,26.77
1995,5,21,27.19
1995,5,22,26.67
1995,5,23,25.73
1995,5,24,26.22
1995,5,25,26.19
1995,5,26,25.97
1995,5,27,25.69
1995,5,28,25.43
1995,5,29,25.48
1995,5,30,26.65
1995,5,31,24.79
1995,6,1,25.62
1995,6,2,26.22
1995,6,3,27.01
1995,6,4,27.26
1995,6,5,26.94
1995,6,6,27.08
1995,6,7,26.24
1995,6,8,25.97
1995,6,9,26.04
1995,6,10,26.86
1995,6,11,27.32
1995,6,12,27.03
1995,6,13,28.08
1995,6,14,25.88
1995,6,15,27.4
1995,6,16,26.8
1995,6,17,27.2
1995,6,18,26.65
1995,6,19,26.89
1995,6,20,26.76
1995,6,21,26.97
1995,6,22,26.48
1995,6,23,24.87
1995,6,24,24.61
1995,6,25,24.8
1995,6,26,24.95
1995,6,27,25.76
1995,6,28,25.54
1995,6,29,24.04
1995,6,30,25.05
1995,7,1,24.37
1995,7,2,25.23
1995,7,3,24.65
1995,7,4,24.47
1995,7,5,25.64
1995,7,6,24.82
1995,7,7,23.81
1995,7,8,23.89
1995,7,9,24.52
1995,7,10,24.56
1995,7,11,23.9
1995,7,12,24.54
1995,7,13,24.4
1995,7,14,25.08
1995,7,15,24.53
1995,7,16,24.58
1995,7,17,24.15
1995,7,18,24.06
1995,7,19,25.18
1995,7,20,25.31
1995,7,21,24.52
1995,7,22,24.7
1995,7,23,24.99
1995,7,24,24.72
1995,7,25,24.56
1995,7,26,24.17
1995,7,27,24.33
1995,7,28,25.11
1995,7,29,25.21
1995,7,30,24.58
1995,7,31,24.42
1995,8,1,25.08
1995,8,2,25.49
1995,8,3,24.24
1995,8,4,24.46
1995,8,5,24.73
1995,8,6,24.61
1995,8,7,25.16
1995,8,8,25.2
1995,8,9,24.59
1995,8,10,25.17
1995,8,11,25.66
1995,8,12,25.62
1995,8,13,25.54
1995,8,14,25.53
1995,8,15,25.71
1995,8,16,25.35
1995,8,17,25.51
1995,8,18,25.73
1995,8,19,25.52
1995,8,20,25.07
1995,8,21,24.1
1995,8,22,24.49
1995,8,23,24.6
1995,8,24,24.82
1995,8,25,24.76
1995,8,26,24.2
1995,8,27,24.31
1995,8,28,24.43
1995,8,29,24.52
1995,8,30,24.44
1995,8,31,24.51
1995,9,1,24.64
1995,9,2,24.69
1995,9,3,24.94
1995,9,4,23.98
1995,9,5,24.32
1995,9,6,24.96
1995,9,7,24.43
1995,9,8,24.15
1995,9,9,24.6
1995,9,10,23.69
1995,9,11,24.58
1995,9,12,24.93
1995,9,13,24.65
1995,9,14,24.59
1995,9,15,23.7
1995,9,16,24.72
1995,9,17,25.15
1995,9,18,24.67
1995,9,19,23.89
1995,9,20,24.5
1995,9,21,24.89
1995,9,22,24.34
1995,9,23,24.92
1995,9,24,24.4
1995,9,25,25.27
1995,9,26,24.97
1995,9,27,25.85
1995,9,28,25.4
1995,9,29,24.79
1995,9,30,24.96
1995,10,1,25.52
1995,10,2,24.5
1995,10,3,24.47
1995,10,4,24.33
1995,10,5,24.07
1995,10,6,24.37
1995,10,7,23.8
1995,10,8,24.09
1995,10,9,24.52
1995,10,10,23.99
1995,10,11,24.43
1995,10,12,24.19
1995,10,13,24.81
1995,10,14,25.31
1995,10,15,25.53
1995,10,16,24.22
1995,10,17,25.57
1995,10,18,25.79
1995,10,19,25.14
1995,10,20,25.3
1995,10,21,24.7
1995,10,22,25.33
1995,10,23,24.87
1995,10,24,24.37
1995,10,25,24.01
1995,10,26,24.12
1995,10,27,24.79
1995,10,28,24.88
1995,10,29,25.12
1995,10,30,25.28
1995,10,31,24.91
1995,11,1,24.87
1995,11,2,24.54
1995,11,3,24.54
1995,11,4,23.75
1995,11,5,22.59
1995,11,6,23.86
1995,11,7,24.91
1995,11,8,24.76
1995,11,9,24.36
1995,11,10,24.87
1995,11,11,24.38
1995,11,12,24.12
1995,11,13,24.8
1995,11,14,24.87
1995,11,15,24.44
1995,11,16,24.08
1995,11,17,24.45
1995,11,18,24.11
1995,11,19,24.15
1995,11,20,24.57
1995,11,21,24.63
1995,11,22,24.72
1995,11,23,24.4
1995,11,24,22.68
1995,11,25,21.92
1995,11,26,20.9
1995,11,27,21.33
1995,11,28,23.21
1995,11,29,24.23
1995,11,30,24.01
1995,12,1,23.27
1995,12,2,22.62
1995,12,3,22.01
1995,12,4,21.76
1995,12,5,21.09
1995,12,6,20.5
1995,12,7,21.21
1995,12,8,22.03
1995,12,9,22.15
1995,12,10,22.66
1995,12,11,22.54
1995,12,12,23.01
1995,12,13,23.48
1995,12,14,23.35
1995,12,15,23.83
1995,12,16,24.61
1995,12,17,24.66
1995,12,18,24.21
1995,12,19,23.98
1995,12,20,23.13
1995,12,21,22.48
1995,12,22,23
1995,12,23,23.05
1995,12,24,23.21
1995,12,25,22.84
1995,12,26,23.65
1995,12,27,22.96
1995,12,28,23.16
1995,12,29,21.62
1995,12,30,19.65
1995,12,31,19.07
1996,1,1,19.36
1996,1,2,19.94
1996,1,3,20.63
1996,1,4,21.55
1996,1,5,22.22
1996,1,6,22.98
1996,1,7,23.71
1996,1,8,23.92
1996,1,9,23.92
1996,1,10,23.84
1996,1,11,24.62
1996,1,12,24.67
1996,1,13,23.92
1996,1,14,23.24
1996,1,15,24.12
1996,1,16,23
1996,1,17,22.82
1996,1,18,23.64
1996,1,19,24.48
1996,1,20,24.99
1996,1,21,25.65
1996,1,22,24.81
1996,1,23,24.06
1996,1,24,25.15
1996,1,25,25.88
1996,1,26,25.83
1996,1,27,25.14
1996,1,28,24.82
1996,1,29,23.26
1996,1,30,24.81
1996,1,31,24.65
1996,2,1,23.88
1996,2,2,24.25
1996,2,3,24.73
1996,2,4,25.4
1996,2,5,25.64
1996,2,6,25.4
1996,2,7,25.69
1996,2,8,26.51
1996,2,9,25.3
1996,2,10,24.29
1996,2,11,24.65
1996,2,12,26.4
1996,2,13,27.44
1996,2,14,27.25
1996,2,15,27.58
1996,2,16,27.69
1996,2,17,28.05
1996,2,18,27.7
1996,2,19,26.97
1996,2,20,26.76
1996,2,21,26.35
1996,2,22,26.11
1996,2,23,26.19
1996,2,24,26.5
1996,2,25,26.19
1996,2,26,25.88
1996,2,27,26.45
1996,2,28,26.16
1996,2,29,25.58
1996,3,1,24.99
1996,3,2,25.19
1996,3,3,24.51
1996,3,4,24.92
1996,3,5,24.78
1996,3,6,25.51
1996,3,7,26.4
1996,3,8,27.24
1996,3,9,28.05
1996,3,10,28.5
1996,3,11,29.04
1996,3,12,29.16
1996,3,13,28.72
1996,3,14,28.33
1996,3,15,28.56
1996,3,16,29.28
1996,3,17,29.07
1996,3,18,29.1
1996,3,19,29.81
1996,3,20,30.14
1996,3,21,30.23
1996,3,22,30.01
1996,3,23,30.2
1996,3,24,29.41
1996,3,25,29.94
1996,3,26,29.91
1996,3,27,29.94
1996,3,28,29.58
1996,3,29,29.15
1996,3,30,29.74
1996,3,31,29.72
1996,4,1,29.98
1996,4,2,28.2
1996,4,3,29.13
1996,4,4,29.96
1996,4,5,30.04
1996,4,6,28.81
1996,4,7,30.06
1996,4,8,28.61
1996,4,9,25.47
1996,4,10,27.86
1996,4,11,28.4
1996,4,12,28.61
1996,4,13,28.69
1996,4,14,27.33
1996,4,15,29.06
1996,4,16,29.23
1996,4,17,29.34
1996,4,18,28.34
1996,4,19,29.05
1996,4,20,28.08
1996,4,21,28.22
1996,4,22,27.6
1996,4,23,28.17
1996,4,24,28.74
1996,4,25,29.23
1996,4,26,30.4
1996,4,27,28.98
1996,4,28,29.52
1996,4,29,29.37
1996,4,30,29.23
1996,5,1,27.87
1996,5,2,28.82
1996,5,3,28.13
1996,5,4,29.38
1996,5,5,30.26
1996,5,6,28.58
1996,5,7,28.49
1996,5,8,27.13
1996,5,9,26.9
1996,5,10,25.56
1996,5,11,25.18
1996,5,12,24.8
1996,5,13,25.15
1996,5,14,25.72
1996,5,15,24.88
1996,5,16,23.43
1996,5,17,23.8
1996,5,18,24.43
1996,5,19,24.44
1996,5,20,24.51
1996,5,21,24.63
1996,5,22,24.9
1996,5,23,24.94
1996,5,24,25.33
1996,5,25,25.63
1996,5,26,25.36
1996,5,27,25.19
1996,5,28,24.84
1996,5,29,25.38
1996,5,30,25.4
1996,5,31,25.94
1996,6,1,26.32
1996,6,2,25.91
1996,6,3,25.84
1996,6,4,26.3
1996,6,5,26.77
1996,6,6,26.22
1996,6,7,26.29
1996,6,8,26.05
1996,6,9,25.6
1996,6,10,25.38
1996,6,11,25.08
1996,6,12,25.65
1996,6,13,25.84
1996,6,14,25.1
1996,6,15,24.76
1996,6,16,25.02
1996,6,17,24.76
1996,6,18,24.24
1996,6,19,24.4
1996,6,20,25.07
1996,6,21,24.67
1996,6,22,24.87
1996,6,23,24.42
1996,6,24,24.62
1996,6,25,24.21
1996,6,26,25.04
1996,6,27,25.49
1996,6,28,25.44
1996,6,29,25.69
1996,6,30,26.04
1996,7,1,25.32
1996,7,2,25.74
1996,7,3,26.25
1996,7,4,26.15
1996,7,5,26.04
1996,7,6,24.41
1996,7,7,24.51
1996,7,8,25.04
1996,7,9,25.23
1996,7,10,25.26
1996,7,11,24.94
1996,7,12,25.69
1996,7,13,24.78
1996,7,14,25.93
1996,7,15,25.04
1996,7,16,24.79
1996,7,17,24.16
1996,7,18,24.9
1996,7,19,24.32
1996,7,20,23.69
1996,7,21,23.59
1996,7,22,24.19
1996,7,23,24.29
1996,7,24,24.87
1996,7,25,24.4
1996,7,26,24.43
1996,7,27,24.48
1996,7,28,24.44
1996,7,29,24.51
1996,7,30,24.2
1996,7,31,24.35
1996,8,1,25.06
1996,8,2,25.27
1996,8,3,24.23
1996,8,4,23.19
1996,8,5,23.84
1996,8,6,24.68
1996,8,7,24.81
1996,8,8,24.3
1996,8,9,24.64
1996,8,10,24.54
1996,8,11,24.3
1996,8,12,25
1996,8,13,24.63
1996,8,14,24.82
1996,8,15,25.61
1996,8,16,25.74
1996,8,17,25.8
1996,8,18,25.11
1996,8,19,25.01
1996,8,20,24.74
1996,8,21,25.27
1996,8,22,24.83
1996,8,23,24.55
1996,8,24,24.44
1996,8,25,24.97
1996,8,26,25.23
1996,8,27,25.36
1996,8,28,25.24
1996,8,29,25.53
1996,8,30,24.55
1996,8,31,24.81
1996,9,1,24.66
1996,9,2,24.31
1996,9,3,24.83
1996,9,4,24.39
1996,9,5,24.64
1996,9,6,24.57
1996,9,7,24.55
1996,9,8,25
1996,9,9,23.99
1996,9,10,24.95
1996,9,11,23.97
1996,9,12,24.4
1996,9,13,24.4
1996,9,14,25.12
1996,9,15,24.69
1996,9,16,25.24
1996,9,17,24.42
1996,9,18,23.91
1996,9,19,24.56
1996,9,20,23.84
1996,9,21,24.89
1996,9,22,24.72
1996,9,23,25.51
1996,9,24,24.19
1996,9,25,23.92
1996,9,26,23.81
1996,9,27,24.62
1996,9,28,24.48
1996,9,29,24.22
1996,9,30,24.21
1996,10,1,24.82
1996,10,2,24.12
1996,10,3,24.54
1996,10,4,24.68
1996,10,5,25.17
1996,10,6,25.33
1996,10,7,24.87
1996,10,8,25.33
1996,10,9,25.4
1996,10,10,24.51
1996,10,11,25.06
1996,10,12,25.83
1996,10,13,25.17
1996,10,14,24.8
1996,10,15,25.15
1996,10,16,25.37
1996,10,17,24.39
1996,10,18,24.59
1996,10,19,24.26
1996,10,20,24.59
1996,10,21,24.05
1996,10,22,23.38
1996,10,23,24.28
1996,10,24,24.71
1996,10,25,24.98
1996,10,26,24.15
1996,10,27,24.56
1996,10,28,24.42
1996,10,29,24.81
1996,10,30,23.93
1996,10,31,23.36
1996,11,1,24.33
1996,11,2,24.42
1996,11,3,23.62
1996,11,4,23.85
1996,11,5,24.24
1996,11,6,25.28
1996,11,7,25.04
1996,11,8,23.87
1996,11,9,24.34
1996,11,10,24.34
1996,11,11,24.44
1996,11,12,25.26
1996,11,13,24.16
1996,11,14,23.69
1996,11,15,23.17
1996,11,16,22.94
1996,11,17,23.3
1996,11,18,23.45
1996,11,19,23.63
1996,11,20,23.33
1996,11,21,23.7
1996,11,22,23.08
1996,11,23,23.73
1996,11,24,23.85
1996,11,25,23.87
1996,11,26,23.65
1996,11,27,23.26
1996,11,28,23.58
1996,11,29,24.11
1996,11,30,24.16
1996,12,1,24.09
1996,12,2,23.59
1996,12,3,23.9
1996,12,4,23.48
1996,12,5,23.68
1996,12,6,23.57
1996,12,7,23.37
1996,12,8,22.96
1996,12,9,23.61
1996,12,10,23.33
1996,12,11,22.77
1996,12,12,22.7
1996,12,13,23.28
1996,12,14,23.08
1996,12,15,22.51
1996,12,16,23.14
1996,12,17,22.8
1996,12,18,23.52
1996,12,19,22.66
1996,12,20,21.75
1996,12,21,22.01
1996,12,22,22.24
1996,12,23,22.63
1996,12,24,22.38
1996,12,25,21.37
1996,12,26,20.28
1996,12,27,19.04
1996,12,28,19.81
1996,12,29,20.83
1996,12,30,22
1996,12,31,21.05
1997,1,1,20.3
1997,1,2,19.64
1997,1,3,20.24
1997,1,4,21.5
1997,1,5,20.42
1997,1,6,20.82
1997,1,7,21.73
1997,1,8,21.44
1997,1,9,20.76
1997,1,10,19.8
1997,1,11,18.97
1997,1,12,19.31
1997,1,13,20.43
1997,1,14,21.13
1997,1,15,21.64
1997,1,16,22.14
1997,1,17,22.71
1997,1,18,22.24
1997,1,19,22.38
1997,1,20,21.75
1997,1,21,21.76
1997,1,22,21.44
1997,1,23,22.27
1997,1,24,22.58
1997,1,25,22.9
1997,1,26,22.35
1997,1,27,21.48
1997,1,28,20.96
1997,1,29,21.72
1997,1,30,22.73
1997,1,31,24.36
1997,2,1,25.65
1997,2,2,26.05
1997,2,3,25.58
1997,2,4,25.04
1997,2,5,25.76
1997,2,6,25.75
1997,2,7,24.66
1997,2,8,25.44
1997,2,9,25.43
1997,2,10,25.89
1997,2,11,26.37
1997,2,12,26.37
1997,2,13,26.58
1997,2,14,26.33
1997,2,15,26.15
1997,2,16,26.01
1997,2,17,25.39
1997,2,18,24.51
1997,2,19,24.05
1997,2,20,23.56
1997,2,21,23.28
1997,2,22,24.48
1997,2,23,25.44
1997,2,24,25.38
1997,2,25,25.62
1997,2,26,25.81
1997,2,27,25.24
1997,2,28,25.35
1997,3,1,24.98
1997,3,2,24.83
1997,3,3,24.94
1997,3,4,25
1997,3,5,25.32
1997,3,6,25.12
1997,3,7,26.83
1997,3,8,25.57
1997,3,9,25.52
1997,3,10,25.83
1997,3,11,26.51
1997,3,12,26.55
1997,3,13,27.34
1997,3,14,27.45
1997,3,15,27.56
1997,3,16,27.58
1997,3,17,27.55
1997,3,18,27.48
1997,3,19,26.8
1997,3,20,27.09
1997,3,21,27.24
1997,3,22,27.62
1997,3,23,28.17
1997,3,24,28.28
1997,3,25,28.15
1997,3,26,27.93
1997,3,27,28.37
1997,3,28,28.65
1997,3,29,28.22
1997,3,30,28.33
1997,3,31,27.98
1997,4,1,28.32
1997,4,2,27.76
1997,4,3,28.16
1997,4,4,28.66
1997,4,5,28.8
1997,4,6,29.1
1997,4,7,28.62
1997,4,8,25.66
1997,4,9,26.09
1997,4,10,25.31
1997,4,11,25.27
1997,4,12,26.19
1997,4,13,24.3
1997,4,14,24.66
1997,4,15,24.94
1997,4,16,25.93
1997,4,17,26.7
1997,4,18,27.4
1997,4,19,27.84
1997,4,20,27.51
1997,4,21,28.3
1997,4,22,29.4
1997,4,23,28.88
1997,4,24,28.95
1997,4,25,27.86
1997,4,26,27.97
1997,4,27,26.89
1997,4,28,28.44
1997,4,29,28.36
1997,4,30,28.19
1997,5,1,29.31
1997,5,2,28.75
1997,5,3,27.43
1997,5,4,26.51
1997,5,5,27.04
1997,5,6,28.94
1997,5,7,28.52
1997,5,8,29.13
1997,5,9,26.92
1997,5,10,28.66
1997,5,11,28.94
1997,5,12,27.8
1997,5,13,28.03
1997,5,14,27.65
1997,5,15,29.07
1997,5,16,25.79
1997,5,17,25.12
1997,5,18,25.29
1997,5,19,25.5
1997,5,20,24.78
1997,5,21,25.69
1997,5,22,25.29
1997,5,23,24.8
1997,5,24,24.09
1997,5,25,25.62
1997,5,26,25.26
1997,5,27,25.94
1997,5,28,25.55
1997,5,29,24.49
1997,5,30,25.01
1997,5,31,25.58
1997,6,1,25.62
1997,6,2,24.99
1997,6,3,25.36
1997,6,4,25.41
1997,6,5,25.57
1997,6,6,25.51
1997,6,7,25.15
1997,6,8,25.68
1997,6,9,25.73
1997,6,10,26.29
1997,6,11,26.44
1997,6,12,26.25
1997,6,13,27.12
1997,6,14,26.09
1997,6,15,27.34
1997,6,16,26.35
1997,6,17,25.82
1997,6,18,26.11
1997,6,19,27.18
1997,6,20,26.02
1997,6,21,24.91
1997,6,22,24.99
1997,6,23,25.42
1997,6,24,24.76
1997,6,25,25.04
1997,6,26,24.23
1997,6,27,24.83
1997,6,28,24.55
1997,6,29,24.36
1997,6,30,25.17
1997,7,1,25.6
1997,7,2,25.44
1997,7,3,24.69
1997,7,4,24.71
1997,7,5,24.31
1997,7,6,24.5
1997,7,7,24.9
1997,7,8,24.9
1997,7,9,24.58
1997,7,10,23.91
1997,7,11,24.01
1997,7,12,25.13
1997,7,13,25.11
1997,7,14,24.55
1997,7,15,24.18
1997,7,16,24.1
1997,7,17,24.37
1997,7,18,25.05
1997,7,19,25.28
1997,7,20,24.65
1997,7,21,24.25
1997,7,22,24.33
1997,7,23,24.06
1997,7,24,24.43
1997,7,25,24.38
1997,7,26,24.72
1997,7,27,24.88
1997,7,28,23.8
1997,7,29,23.6
1997,7,30,24.21
1997,7,31,24.12
1997,8,1,24.01
1997,8,2,24.44
1997,8,3,24.94
1997,8,4,24.91
1997,8,5,24.3
1997,8,6,24.58
1997,8,7,23.88
1997,8,8,24.35
1997,8,9,25.17
1997,8,10,25.33
1997,8,11,25.37
1997,8,12,25.27
1997,8,13,24.93
1997,8,14,24.32
1997,8,15,24.76
1997,8,16,25.23
1997,8,17,24.44
1997,8,18,24.72
1997,8,19,24.33
1997,8,20,24.21
1997,8,21,24.52
1997,8,22,24.24
1997,8,23,24.42
1997,8,24,24.51
1997,8,25,24.63
1997,8,26,24.58
1997,8,27,24.58
1997,8,28,24.72
1997,8,29,24.55
1997,8,30,24.9
1997,8,31,25.18
1997,9,1,24.99
1997,9,2,24.99
1997,9,3,25.34
1997,9,4,25.44
1997,9,5,25.59
1997,9,6,26.01
1997,9,7,25.59
1997,9,8,25.63
1997,9,9,26.05
1997,9,10,25.62
1997,9,11,25.48
1997,9,12,26.02
1997,9,13,24.87
1997,9,14,26.02
1997,9,15,25.58
1997,9,16,23.9
1997,9,17,24.25
1997,9,18,24.86
1997,9,19,24.26
1997,9,20,23.44
1997,9,21,23.53
1997,9,22,24.19
1997,9,23,25.25
1997,9,24,25.37
1997,9,25,25.04
1997,9,26,24.26
1997,9,27,24.67
1997,9,28,24.65
1997,9,29,25.56
1997,9,30,24.41
1997,10,1,25.25
1997,10,2,23.87
1997,10,3,24.38
1997,10,4,23.57
1997,10,5,24.09
1997,10,6,24.9
1997,10,7,25.74
1997,10,8,25.83
1997,10,9,24.31
1997,10,10,24.31
1997,10,11,24.61
1997,10,12,25.74
1997,10,13,25.74
1997,10,14,25.52
1997,10,15,24.17
1997,10,16,24.64
1997,10,17,24.74
1997,10,18,25.15
1997,10,19,25.44
1997,10,20,25.94
1997,10,21,26.05
1997,10,22,26.33
1997,10,23,26.26
1997,10,24,25.95
1997,10,25,25.13
1997,10,26,25.24
1997,10,27,25.83
1997,10,28,25.95
1997,10,29,25.86
1997,10,30,25.07
1997,10,31,25.35
1997,11,1,25.48
1997,11,2,24.4
1997,11,3,24.4
1997,11,4,25.19
1997,11,5,24.47
1997,11,6,23.89
1997,11,7,24.43
1997,11,8,24.17
1997,11,9,25.08
1997,11,10,25.17
1997,11,11,25.19
1997,11,12,26.08
1997,11,13,26.61
1997,11,14,26.39
1997,11,15,26.23
1997,11,16,26.59
1997,11,17,26.87
1997,11,18,26.11
1997,11,19,25.49
1997,11,20,25.41
1997,11,21,26.45
1997,11,22,26.81
1997,11,23,26.65
1997,11,24,26.32
1997,11,25,26.9
1997,11,26,26.51
1997,11,27,26.66
1997,11,28,26.67
1997,11,29,26.54
1997,11,30,26.1
1997,12,1,25.96
1997,12,2,24.86
1997,12,3,25.51
1997,12,4,25.63
1997,12,5,27.12
1997,12,6,27.12
1997,12,7,27.4
1997,12,8,27
1997,12,9,25.81
1997,12,10,26.03
1997,12,11,26.05
1997,12,12,26.08
1997,12,13,25.87
1997,12,14,26.79
1997,12,15,27.38
1997,12,16,27.02
1997,12,17,27.02
1997,12,18,26.86
1997,12,19,25.62
1997,12,20,25.83
1997,12,21,26.19
1997,12,22,27.19
1997,12,23,27.36
1997,12,24,26.6
1997,12,25,26.47
1997,12,26,26.23
1997,12,27,25.42
1997,12,28,25.87
1997,12,29,26.71
1997,12,30,25.62
1997,12,31,25.7
1998,1,1,25.59
1998,1,2,25.44
1998,1,3,25.33
1998,1,4,26.96
1998,1,5,27.26
1998,1,6,26.68
1998,1,7,27.11
1998,1,8,27.86
1998,1,9,28.15
1998,1,10,26.66
1998,1,11,27.15
1998,1,12,27.03
1998,1,13,27.4
1998,1,14,27.53
1998,1,15,26.96
1998,1,16,27.15
1998,1,17,27.49
1998,1,18,27.25
1998,1,19,27.84
1998,1,20,27.9
1998,1,21,27.43
1998,1,22,26.76
1998,1,23,27.54
1998,1,24,27.33
1998,1,25,26.96
1998,1,26,27.02
1998,1,27,27.75
1998,1,28,28.58
1998,1,29,27.62
1998,1,30,27.45
1998,1,31,28.34
1998,2,1,28.45
1998,2,2,27.77
1998,2,3,27.64
1998,2,4,28.08
1998,2,5,27.87
1998,2,6,28.07
1998,2,7,28.34
1998,2,8,28.6
1998,2,9,28.26
1998,2,10,28.13
1998,2,11,27.92
1998,2,12,27.91
1998,2,13,28.18
1998,2,14,28.37
1998,2,15,28.61
1998,2,16,28.27
1998,2,17,28.91
1998,2,18,29.84
1998,2,19,29.31
1998,2,20,29.72
1998,2,21,29.82
1998,2,22,29.22
1998,2,23,29.27
1998,2,24,29.39
1998,2,25,28.73
1998,2,26,28.58
1998,2,27,29.62
1998,2,28,30.12
1998,3,1,29.76
1998,3,2,29.82
1998,3,3,29.11
1998,3,4,29.23
1998,3,5,29.3
1998,3,6,28.83
1998,3,7,28.13
1998,3,8,28.69
1998,3,9,29.05
1998,3,10,29.54
1998,3,11,29.77
1998,3,12,29.46
1998,3,13,28.87
1998,3,14,29.22
1998,3,15,29.3
1998,3,16,29.44
1998,3,17,28.93
1998,3,18,28.62
1998,3,19,29.01
1998,3,20,28.93
1998,3,21,27.99
1998,3,22,29.18
1998,3,23,30.6
1998,3,24,31.13
1998,3,25,29.13
1998,3,26,30.15
1998,3,27,30.2
1998,3,28,30.35
1998,3,29,30.69
1998,3,30,31.37
1998,3,31,31.12
1998,4,1,30.25
1998,4,2,30.88
1998,4,3,30.4
1998,4,4,30.78
1998,4,5,30.87
1998,4,6,31.05
1998,4,7,29.8
1998,4,8,29.84
1998,4,9,30.31
1998,4,10,30.63
1998,4,11,30.53
1998,4,12,30.86
1998,4,13,30.67
1998,4,14,31.27
1998,4,15,31.05
1998,4,16,30.73
1998,4,17,29.69
1998,4,18,28.29
1998,4,19,29.35
1998,4,20,29.76
1998,4,21,29.7
1998,4,22,30.9
1998,4,23,30.81
1998,4,24,30.08
1998,4,25,28.61
1998,4,26,29.05
1998,4,27,29.22
1998,4,28,30.48
1998,4,29,29.62
1998,4,30,30.05
1998,5,1,27.75
1998,5,2,29.62
1998,5,3,29.73
1998,5,4,29.5
1998,5,5,30.35
1998,5,6,31.15
1998,5,7,31.79
1998,5,8,32.16
1998,5,9,31.7
1998,5,10,31.56
1998,5,11,32.47
1998,5,12,32.32
1998,5,13,31.83
1998,5,14,31.55
1998,5,15,28.92
1998,5,16,26.13
1998,5,17,26.26
1998,5,18,26.87
1998,5,19,26.98
1998,5,20,27.48
1998,5,21,26.28
1998,5,22,26.96
1998,5,23,26.69
1998,5,24,27.7
1998,5,25,26.64
1998,5,26,26.33
1998,5,27,26.69
1998,5,28,26.98
1998,5,29,26.09
1998,5,30,25.71
1998,5,31,25.51
1998,6,1,26.46
1998,6,2,26.58
1998,6,3,27.14
1998,6,4,27.4
1998,6,5,26.74
1998,6,6,26.33
1998,6,7,26.77
1998,6,8,26.07
1998,6,9,25.84
1998,6,10,26.19
1998,6,11,25.87
1998,6,12,25.87
1998,6,13,26.93
1998,6,14,25.52
1998,6,15,26.11
1998,6,16,26.14
1998,6,17,25.99
1998,6,18,25.98
1998,6,19,25.94
1998,6,20,26.4
1998,6,21,25.8
1998,6,22,25.8
1998,6,23,25.13
1998,6,24,25.57
1998,6,25,25.82
1998,6,26,25.26
1998,6,27,24.93
1998,6,28,24.55
1998,6,29,24.76
1998,6,30,25.09
1998,7,1,25.08
1998,7,2,25.16
1998,7,3,25.31
1998,7,4,25.21
1998,7,5,24.07
1998,7,6,24.8
1998,7,7,24.74
1998,7,8,25.04
1998,7,9,25.25
1998,7,10,25.53
1998,7,11,25.6
1998,7,12,25.23
1998,7,13,25.39
1998,7,14,25.43
1998,7,15,25.28
1998,7,16,25.57
1998,7,17,26.08
1998,7,18,26.39
1998,7,19,26.36
1998,7,20,25.98
1998,7,21,25.77
1998,7,22,25.02
1998,7,23,25.19
1998,7,24,25.6
1998,7,25,25.73
1998,7,26,26.19
1998,7,27,25.71
1998,7,28,25.01
1998,7,29,25.07
1998,7,30,25.23
1998,7,31,25.22
1998,8,1,24.78
1998,8,2,24.69
1998,8,3,24.98
1998,8,4,24.01
1998,8,5,25.31
1998,8,6,25.06
1998,8,7,24.73
1998,8,8,24.9
1998,8,9,24.9
1998,8,10,25.26
1998,8,11,25.15
1998,8,12,25.51
1998,8,13,25.65
1998,8,14,25.58
1998,8,15,25.85
1998,8,16,25.66
1998,8,17,25.33
1998,8,18,24.82
1998,8,19,25.05
1998,8,20,24.41
1998,8,21,24.69
1998,8,22,25.23
1998,8,23,25.69
1998,8,24,25.44
1998,8,25,26.17
1998,8,26,25.17
1998,8,27,25.77
1998,8,28,25.88
1998,8,29,25.51
1998,8,30,25.15
1998,8,31,24.33
1998,9,1,24.03
1998,9,2,24.32
1998,9,3,25.12
1998,9,4,24.7
1998,9,5,24.13
1998,9,6,24.54
1998,9,7,25.12
1998,9,8,25.53
1998,9,9,25.42
1998,9,10,24.94
1998,9,11,24.4
1998,9,12,24.73
1998,9,13,24.31
1998,9,14,24.37
1998,9,15,25.05
1998,9,16,25.3
1998,9,17,25.05
1998,9,18,24.77
1998,9,19,25.22
1998,9,20,24.98
1998,9,21,24.66
1998,9,22,24.76
1998,9,23,25.05
1998,9,24,25.48
1998,9,25,25.38
1998,9,26,25.05
1998,9,27,24.44
1998,9,28,24.94
1998,9,29,24.76
1998,9,30,24.88
1998,10,1,23.33
1998,10,2,25
1998,10,3,25.18
1998,10,4,25.4
1998,10,5,25.38
1998,10,6,24.89
1998,10,7,24.59
1998,10,8,24.07
1998,10,9,23.95
1998,10,10,23.72
1998,10,11,24.16
1998,10,12,25.43
1998,10,13,24.9
1998,10,14,25.45
1998,10,15,25.6
1998,10,16,24.72
1998,10,17,25.69
1998,10,18,24.58
1998,10,19,24.92
1998,10,20,24.74
1998,10,21,24.47
1998,10,22,25.19
1998,10,23,25.43
1998,10,24,24.55
1998,10,25,24.98
1998,10,26,25.4
1998,10,27,25.34
1998,10,28,25.63
1998,10,29,25.02
1998,10,30,24.62
1998,10,31,24.35
1998,11,1,24.32
1998,11,2,25
1998,11,3,24.39
1998,11,4,24.8
1998,11,5,25.08
1998,11,6,25.24
1998,11,7,24.79
1998,11,8,24.77
1998,11,9,24.69
1998,11,10,24.12
1998,11,11,23.08
1998,11,12,22.09
1998,11,13,22.18
1998,11,14,23.73
1998,11,15,24.98
1998,11,16,24.05
1998,11,17,24.84
1998,11,18,23.83
1998,11,19,22.94
1998,11,20,23.58
1998,11,21,23.55
1998,11,22,24.46
1998,11,23,24.01
1998,11,24,23.32
1998,11,25,21.98
1998,11,26,22.94
1998,11,27,23.4
1998,11,28,23.8
1998,11,29,24.57
1998,11,30,24.75
1998,12,1,24.37
1998,12,2,24.44
1998,12,3,23.98
1998,12,4,23.87
1998,12,5,24.71
1998,12,6,24.79
1998,12,7,23.88
1998,12,8,22.15
1998,12,9,22.08
1998,12,10,23.1
1998,12,11,23.98
1998,12,12,22.04
1998,12,13,18.96
1998,12,14,20.94
1998,12,15,23.3
1998,12,16,22.62
1998,12,17,22.66
1998,12,18,23.33
1998,12,19,23.33
1998,12,20,23.68
1998,12,21,23.98
1998,12,22,24.17
1998,12,23,23.83
1998,12,24,23.9
1998,12,25,23.23
1998,12,26,23.59
1998,12,27,23.44
1998,12,28,23.44
1998,12,29,23.62
1998,12,30,23.43
1998,12,31,23.03
1999,1,1,23.09
1999,1,2,23.12
1999,1,3,23.04
1999,1,4,21.69
1999,1,5,19.95
1999,1,6,20.1
1999,1,7,21.63
1999,1,8,21.48
1999,1,9,22.46
1999,1,10,22.95
1999,1,11,23.33
1999,1,12,23.04
1999,1,13,23.03
1999,1,14,23.59
1999,1,15,23.48
1999,1,16,22.62
1999,1,17,23.53
1999,1,18,23.56
1999,1,19,23.94
1999,1,20,23.99
1999,1,21,24.3
1999,1,22,23.86
1999,1,23,24.47
1999,1,24,24.46
1999,1,25,24.01
1999,1,26,23
1999,1,27,22.73
1999,1,28,23.54
1999,1,29,23.56
1999,1,30,22.99
1999,1,31,22.69
1999,2,1,23.52
1999,2,2,23.75
1999,2,3,22.76
1999,2,4,20.8
1999,2,5,20.6
1999,2,6,21.87
1999,2,7,21.9
1999,2,8,22.88
1999,2,9,23.3
1999,2,10,24.36
1999,2,11,24.16
1999,2,12,24.16
1999,2,13,23.59
1999,2,14,23.57
1999,2,15,23.33
1999,2,16,22.49
1999,2,17,21.87
1999,2,18,22.75
1999,2,19,21.65
1999,2,20,22.13
1999,2,21,22.63
1999,2,22,23.42
1999,2,23,24.03
1999,2,24,25.14
1999,2,25,25.56
1999,2,26,24.69
1999,2,27,23.79
1999,2,28,25.18
1999,3,1,25.08
1999,3,2,24.9
1999,3,3,24.94
1999,3,4,25.22
1999,3,5,25.28
1999,3,6,25.62
1999,3,7,25.83
1999,3,8,25.69
1999,3,9,25.65
1999,3,10,25.74
1999,3,11,26.05
1999,3,12,26.27
1999,3,13,26.68
1999,3,14,26.31
1999,3,15,26.42
1999,3,16,26.44
1999,3,17,26.93
1999,3,18,27.68
1999,3,19,27.9
1999,3,20,26.68
1999,3,21,26.84
1999,3,22,27.72
1999,3,23,27.18
1999,3,24,26.57
1999,3,25,26.9
1999,3,26,27.04
1999,3,27,27.37
1999,3,28,27.23
1999,3,29,27.2
1999,3,30,27.56
1999,3,31,26.58
1999,4,1,26.77
1999,4,2,27.76
1999,4,3,27.61
1999,4,4,24.55
1999,4,5,26.97
1999,4,6,26.98
1999,4,7,26.3
1999,4,8,26.55
1999,4,9,25.65
1999,4,10,25.48
1999,4,11,25.87
1999,4,12,25.42
1999,4,13,25.67
1999,4,14,24.2
1999,4,15,24.77
1999,4,16,25.95
1999,4,17,26.11
1999,4,18,25.61
1999,4,19,26.11
1999,4,20,26.04
1999,4,21,25.66
1999,4,22,24.81
1999,4,23,24.13
1999,4,24,24.5
1999,4,25,25.04
1999,4,26,25.43
1999,4,27,24.54
1999,4,28,24.41
1999,4,29,25.06
1999,4,30,24.24
1999,5,1,24.29
1999,5,2,23.68
1999,5,3,24.39
1999,5,4,24.95
1999,5,5,24.62
1999,5,6,25.21
1999,5,7,25.14
1999,5,8,25.08
1999,5,9,25.76
1999,5,10,25.12
1999,5,11,23.73
1999,5,12,25.29
1999,5,13,25.58
1999,5,14,25.59
1999,5,15,24.75
1999,5,16,24.58
1999,5,17,25.39
1999,5,18,25.3
1999,5,19,25.23
1999,5,20,24.45
1999,5,21,24.24
1999,5,22,24.97
1999,5,23,25.28
1999,5,24,24.98
1999,5,25,24.6
1999,5,26,24.62
1999,5,27,25.18
1999,5,28,24.97
1999,5,29,24.59
1999,5,30,23.57
1999,5,31,24.58
1999,6,1,24.31
1999,6,2,23.87
1999,6,3,23.4
1999,6,4,23.08
1999,6,5,23.01
1999,6,6,22.93
1999,6,7,23.98
1999,6,8,24.59
1999,6,9,24.77
1999,6,10,24.84
1999,6,11,24.57
1999,6,12,24.22
1999,6,13,24.53
1999,6,14,23.96
1999,6,15,24.61
1999,6,16,23.86
1999,6,17,24.97
1999,6,18,24.78
1999,6,19,24.31
1999,6,20,24.46
1999,6,21,24.44
1999,6,22,24.79
1999,6,23,24.9
1999,6,24,24.99
1999,6,25,25.13
1999,6,26,24.02
1999,6,27,23.99
1999,6,28,25.07
1999,6,29,25.35
1999,6,30,24.28
1999,7,1,24.85
1999,7,2,23.92
1999,7,3,24.61
1999,7,4,24.65
1999,7,5,25.08
1999,7,6,24.56
1999,7,7,24.44
1999,7,8,24.27
1999,7,9,24.44
1999,7,10,24.61
1999,7,11,24.03
1999,7,12,24.53
1999,7,13,24.4
1999,7,14,24.9
1999,7,15,24.77
1999,7,16,24.75
1999,7,17,24.44
1999,7,18,24.42
1999,7,19,24.64
1999,7,20,24.56
1999,7,21,23.94
1999,7,22,24.15
1999,7,23,24.37
1999,7,24,23.58
1999,7,25,23.38
1999,7,26,23.7
1999,7,27,24.91
1999,7,28,23.96
1999,7,29,24.58
1999,7,30,23.83
1999,7,31,23.86
1999,8,1,24.48
1999,8,2,23.66
1999,8,3,23.4
1999,8,4,23.7
1999,8,5,23.99
1999,8,6,24.22
1999,8,7,24.42
1999,8,8,24.7
1999,8,9,24.84
1999,8,10,24.83
1999,8,11,24.71
1999,8,12,24.37
1999,8,13,24.62
1999,8,14,24.76
1999,8,15,24.58
1999,8,16,23.87
1999,8,17,24.19
1999,8,18,24.24
1999,8,19,23.76
1999,8,20,24.05
1999,8,21,24.28
1999,8,22,24.65
1999,8,23,24
1999,8,24,24.87
1999,8,25,24.65
1999,8,26,24.03
1999,8,27,24.15
1999,8,28,24.58
1999,8,29,24.35
1999,8,30,24.08
1999,8,31,23.91
1999,9,1,23.71
1999,9,2,24.36
1999,9,3,24.74
1999,9,4,24.4
1999,9,5,23.76
1999,9,6,23.19
1999,9,7,24.28
1999,9,8,24.51
1999,9,9,24.82
1999,9,10,23.75
1999,9,11,24.64
1999,9,12,23.9
1999,9,13,24.53
1999,9,14,24.37
1999,9,15,23.92
1999,9,16,24.43
1999,9,17,24.85
1999,9,18,24.92
1999,9,19,25.12
1999,9,20,24.62
1999,9,21,24.77
1999,9,22,25.1
1999,9,23,24.81
1999,9,24,24.9
1999,9,25,25.46
1999,9,26,25.12
1999,9,27,24.73
1999,9,28,24.73
1999,9,29,24.87
1999,9,30,24.26
1999,10,1,24.54
1999,10,2,25.04
1999,10,3,24.57
1999,10,4,25.39
1999,10,5,24.92
1999,10,6,24.73
1999,10,7,24.79
1999,10,8,24.39
1999,10,9,24.98
1999,10,10,25.17
1999,10,11,25.58
1999,10,12,24.66
1999,10,13,23.69
1999,10,14,24.11
1999,10,15,25.12
1999,10,16,24.31
1999,10,17,24.75
1999,10,18,25
1999,10,19,23.98
1999,10,20,23.79
1999,10,21,24.32
1999,10,22,24.81
1999,10,23,24.22
1999,10,24,24.26
1999,10,25,23.79
1999,10,26,24.19
1999,10,27,24.22
1999,10,28,23.42
1999,10,29,24.4
1999,10,30,24.56
1999,10,31,23.86
1999,11,1,23.4
1999,11,2,23.83
1999,11,3,23.67
1999,11,4,23.51
1999,11,5,22.9
1999,11,6,24.15
1999,11,7,24.19
1999,11,8,24.54
1999,11,9,24.3
1999,11,10,25.15
1999,11,11,24.68
1999,11,12,25.66
1999,11,13,24.84
1999,11,14,25.13
1999,11,15,24.64
1999,11,16,23.55
1999,11,17,22.73
1999,11,18,22.8
1999,11,19,23.62
1999,11,20,23.04
1999,11,21,22.73
1999,11,22,23.57
1999,11,23,24.39
1999,11,24,24.49
1999,11,25,24.56
1999,11,26,23.61
1999,11,27,24.63
1999,11,28,23.3
1999,11,29,23.59
1999,11,30,23.62
1999,12,1,23.44
1999,12,2,23.58
1999,12,3,23.47
1999,12,4,24.3
1999,12,5,23.21
1999,12,6,24.01
1999,12,7,23.48
1999,12,8,23.19
1999,12,9,21.61
1999,12,10,20.76
1999,12,11,22.4
1999,12,12,23.24
1999,12,13,23.4
1999,12,14,23.58
1999,12,15,23.27
1999,12,16,22.78
1999,12,17,23.46
1999,12,18,24.07
1999,12,19,22.13
1999,12,20,21.74
1999,12,21,21.17
1999,12,22,19.27
1999,12,23,18.33
1999,12,24,18.3
1999,12,25,18.45
1999,12,26,18.75
1999,12,27,20.33
1999,12,28,22.54
1999,12,29,23.22
1999,12,30,22.73
1999,12,31,22.84
2000,1,1,23.59
2000,1,2,23.57
2000,1,3,23.62
2000,1,4,23.98
2000,1,5,24.5
2000,1,6,24.37
2000,1,7,24.4
2000,1,8,23.24
2000,1,9,22.21
2000,1,10,23.67
2000,1,11,24.59
2000,1,12,24.72
2000,1,13,23.93
2000,1,14,24.07
2000,1,15,23.74
2000,1,16,24.74
2000,1,17,24.51
2000,1,18,23.48
2000,1,19,22.71
2000,1,20,21.55
2000,1,21,21.19
2000,1,22,22.09
2000,1,23,23.5
2000,1,24,23.93
2000,1,25,22.99
2000,1,26,22.67
2000,1,27,21.36
2000,1,28,21.71
2000,1,29,22.18
2000,1,30,21.89
2000,1,31,22.35
2000,2,1,22.55
2000,2,2,22.09
2000,2,3,22.58
2000,2,4,23.6
2000,2,5,23.61
2000,2,6,23.32
2000,2,7,22.25
2000,2,8,22.69
2000,2,9,23.73
2000,2,10,24.35
2000,2,11,24.87
2000,2,12,24.69
2000,2,13,25.82
2000,2,14,26.12
2000,2,15,24.87
2000,2,16,25.17
2000,2,17,25.9
2000,2,18,25.37
2000,2,19,24.9
2000,2,20,24.76
2000,2,21,25.7
2000,2,22,26.15
2000,2,23,26.76
2000,2,24,27.13
2000,2,25,26.85
2000,2,26,24.6
2000,2,27,23.9
2000,2,28,24.01
2000,2,29,25.38
2000,3,1,25.69
2000,3,2,26.33
2000,3,3,26.87
2000,3,4,26.88
2000,3,5,26.36
2000,3,6,25.89
2000,3,7,26.54
2000,3,8,26.23
2000,3,9,27.07
2000,3,10,26.8
2000,3,11,27.03
2000,3,12,26.7
2000,3,13,25.55
2000,3,14,26.4
2000,3,15,25.75
2000,3,16,26.32
2000,3,17,27.19
2000,3,18,27.08
2000,3,19,27.28
2000,3,20,27.24
2000,3,21,27.15
2000,3,22,26.14
2000,3,23,27.24
2000,3,24,26.83
2000,3,25,27.53
2000,3,26,26.76
2000,3,27,26.83
2000,3,28,27.08
2000,3,29,27.62
2000,3,30,27.36
2000,3,31,27.44
2000,4,1,27.49
2000,4,2,26.86
2000,4,3,28.04
2000,4,4,28.05
2000,4,5,28.24
2000,4,6,28.8
2000,4,7,28.16
2000,4,8,27.04
2000,4,9,27.23
2000,4,10,28.14
2000,4,11,26.76
2000,4,12,26.21
2000,4,13,25.61
2000,4,14,26.19
2000,4,15,25.94
2000,4,16,26.05
2000,4,17,26.75
2000,4,18,28.07
2000,4,19,27.53
2000,4,20,27.68
2000,4,21,27.83
2000,4,22,26.74
2000,4,23,26.26
2000,4,24,26.33
2000,4,25,26.8
2000,4,26,27.58
2000,4,27,27.99
2000,4,28,28.26
2000,4,29,27.97
2000,4,30,28.62
2000,5,1,27.9
2000,5,2,27.93
2000,5,3,27.69
2000,5,4,26.93
2000,5,5,27.26
2000,5,6,28.4
2000,5,7,27.18
2000,5,8,27.74
2000,5,9,26.05
2000,5,10,26.69
2000,5,11,25.22
2000,5,12,25.24
2000,5,13,25.08
2000,5,14,24.85
2000,5,15,25.37
2000,5,16,25.93
2000,5,17,24.94
2000,5,18,25.44
2000,5,19,25.12
2000,5,20,25.51
2000,5,21,24.75
2000,5,22,25.92
2000,5,23,25.55
2000,5,24,25.55
2000,5,25,25.87
2000,5,26,24.87
2000,5,27,26.8
2000,5,28,26.4
2000,5,29,25.34
2000,5,30,24.98
2000,5,31,23.9
2000,6,1,24.48
2000,6,2,24.05
2000,6,3,24.01
2000,6,4,24.89
2000,6,5,25.97
2000,6,6,25.73
2000,6,7,25.25
2000,6,8,24.59
2000,6,9,24.34
2000,6,10,24.84
2000,6,11,25.59
2000,6,12,25.71
2000,6,13,25.6
2000,6,14,25.4
2000,6,15,24.3
2000,6,16,24.4
2000,6,17,25.11
2000,6,18,24.98
2000,6,19,25.01
2000,6,20,25.48
2000,6,21,24.22
2000,6,22,24.56
2000,6,23,24.69
2000,6,24,24.44
2000,6,25,25.11
2000,6,26,24.4
2000,6,27,25.34
2000,6,28,25.26
2000,6,29,25.12
2000,6,30,24.07
2000,7,1,24.99
2000,7,2,25.37
2000,7,3,24.47
2000,7,4,24.61
2000,7,5,24.29
2000,7,6,23.48
2000,7,7,24.05
2000,7,8,24.76
2000,7,9,24.41
2000,7,10,23.78
2000,7,11,22.8
2000,7,12,23.03
2000,7,13,23.8
2000,7,14,23.8
2000,7,15,23.83
2000,7,16,23.73
2000,7,17,23.57
2000,7,18,23.76
2000,7,19,23.93
2000,7,20,24.78
2000,7,21,24.82
2000,7,22,24.87
2000,7,23,24.61
2000,7,24,25
2000,7,25,24.58
2000,7,26,24.36
2000,7,27,24.08
2000,7,28,24.63
2000,7,29,25.15
2000,7,30,25.62
2000,7,31,25.42
2000,8,1,25.45
2000,8,2,26.08
2000,8,3,24.99
2000,8,4,25.24
2000,8,5,25.07
2000,8,6,24.93
2000,8,7,24.68
2000,8,8,25.02
2000,8,9,25.58
2000,8,10,25.18
2000,8,11,24.98
2000,8,12,25.08
2000,8,13,25.59
2000,8,14,25.18
2000,8,15,25.58
2000,8,16,24.91
2000,8,17,23.43
2000,8,18,23.84
2000,8,19,23.99
2000,8,20,24.46
2000,8,21,23.93
2000,8,22,23.76
2000,8,23,24.14
2000,8,24,24.17
2000,8,25,24.76
2000,8,26,24.89
2000,8,27,24.99
2000,8,28,25.1
2000,8,29,24.3
2000,8,30,23.63
2000,8,31,24.14
2000,9,1,24.03
2000,9,2,25.03
2000,9,3,24.95
2000,9,4,25.13
2000,9,5,24.08
2000,9,6,23.91
2000,9,7,24.45
2000,9,8,25.11
2000,9,9,25.31
2000,9,10,24.54
2000,9,11,24.37
2000,9,12,24.55
2000,9,13,23.82
2000,9,14,23.91
2000,9,15,24.49
2000,9,16,24.25
2000,9,17,24.99
2000,9,18,24.97
2000,9,19,25.67
2000,9,20,25.94
2000,9,21,25.73
2000,9,22,24.59
2000,9,23,24.88
2000,9,24,25
2000,9,25,24.92
2000,9,26,24.51
2000,9,27,24.76
2000,9,28,24.69
2000,9,29,25.19
2000,9,30,25.59
2000,10,1,25.36
2000,10,2,23.79
2000,10,3,23.87
2000,10,4,25.17
2000,10,5,24.58
2000,10,6,23.82
2000,10,7,23.32
2000,10,8,23.78
2000,10,9,24.13
2000,10,10,23.44
2000,10,11,23.54
2000,10,12,22.77
2000,10,13,24.32
2000,10,14,24.4
2000,10,15,24.44
2000,10,16,24.41
2000,10,17,24.48
2000,10,18,24.55
2000,10,19,24.22
2000,10,20,24.93
2000,10,21,24.74
2000,10,22,25.42
2000,10,23,25.11
2000,10,24,25.61
2000,10,25,25.19
2000,10,26,25.38
2000,10,27,24.07
2000,10,28,24.12
2000,10,29,24.12
2000,10,30,24.08
2000,10,31,24.3
2000,11,1,22.49
2000,11,2,22.97
2000,11,3,22.77
2000,11,4,23.65
2000,11,5,23.1
2000,11,6,23.01
2000,11,7,23.1
2000,11,8,23.03
2000,11,9,23.45
2000,11,10,24.06
2000,11,11,24.46
2000,11,12,24.36
2000,11,13,24.31
2000,11,14,24.88
2000,11,15,24.67
2000,11,16,23.37
2000,11,17,23.47
2000,11,18,22.98
2000,11,19,24.12
2000,11,20,23.82
2000,11,21,23.23
2000,11,22,24.39
2000,11,23,24.13
2000,11,24,24.13
2000,11,25,24.11
2000,11,26,24.48
2000,11,27,24.69
2000,11,28,24.39
2000,11,29,24.26
2000,11,30,24.42
2000,12,1,23.9
2000,12,2,22.44
2000,12,3,22.81
2000,12,4,22.24
2000,12,5,22.44
2000,12,6,22.54
2000,12,7,23.39
2000,12,8,24.48
2000,12,9,24.04
2000,12,10,24.37
2000,12,11,24.79
2000,12,12,24.49
2000,12,13,24.37
2000,12,14,23.26
2000,12,15,23.78
2000,12,16,23.97
2000,12,17,24.27
2000,12,18,23.87
2000,12,19,23.82
2000,12,20,23.89
2000,12,21,23.63
2000,12,22,22.58
2000,12,23,21.75
2000,12,24,21.08
2000,12,25,22.31
2000,12,26,22.69
2000,12,27,24.05
2000,12,28,23.98
2000,12,29,24.3
2000,12,30,23.88
2000,12,31,22.6
2001,1,1,21.56
2001,1,2,21.04
2001,1,3,21.84
2001,1,4,23.48
2001,1,5,24.44
2001,1,6,24.54
2001,1,7,23.94
2001,1,8,24.15
2001,1,9,24.29
2001,1,10,23.56
2001,1,11,23.54
2001,1,12,24.15
2001,1,13,24.97
2001,1,14,24.33
2001,1,15,23.55
2001,1,16,23.37
2001,1,17,23.42
2001,1,18,23.75
2001,1,19,23.83
2001,1,20,25.09
2001,1,21,25.25
2001,1,22,24.98
2001,1,23,25.03
2001,1,24,24.67
2001,1,25,24.89
2001,1,26,25.47
2001,1,27,26.02
2001,1,28,26.23
2001,1,29,24.56
2001,1,30,24.19
2001,1,31,24.4
2001,2,1,25.19
2001,2,2,25.43
2001,2,3,24.9
2001,2,4,24.53
2001,2,5,23.87
2001,2,6,25.16
2001,2,7,25.83
2001,2,8,25.31
2001,2,9,25.64
2001,2,10,25.33
2001,2,11,25.94
2001,2,12,25.93
2001,2,13,24.96
2001,2,14,25.23
2001,2,15,23.88
2001,2,16,23.12
2001,2,17,24.45
2001,2,18,24.77
2001,2,19,24.62
2001,2,20,24.7
2001,2,21,25.25
2001,2,22,25.26
2001,2,23,25.47
2001,2,24,26.07
2001,2,25,25.99
2001,2,26,26.37
2001,2,27,26.39
2001,2,28,26.44
2001,3,1,26.98
2001,3,2,26.14
2001,3,3,25.94
2001,3,4,25.46
2001,3,5,26.69
2001,3,6,26.87
2001,3,7,27.33
2001,3,8,27.49
2001,3,9,26.53
2001,3,10,27.59
2001,3,11,28.24
2001,3,12,27.72
2001,3,13,26.56
2001,3,14,27.9
2001,3,15,27.5
2001,3,16,27.66
2001,3,17,27.42
2001,3,18,25.77
2001,3,19,25.89
2001,3,20,26.87
2001,3,21,27.77
2001,3,22,27.08
2001,3,23,27.46
2001,3,24,26.92
2001,3,25,26.57
2001,3,26,26.38
2001,3,27,26.4
2001,3,28,26.99
2001,3,29,26.11
2001,3,30,26.95
2001,3,31,27.08
2001,4,1,26.27
2001,4,2,27.51
2001,4,3,28.38
2001,4,4,28.62
2001,4,5,28.63
2001,4,6,28.92
2001,4,7,29.44
2001,4,8,28.88
2001,4,9,29.67
2001,4,10,30.03
2001,4,11,29.75
2001,4,12,28.29
2001,4,13,29.52
2001,4,14,30.05
2001,4,15,30.32
2001,4,16,30.49
2001,4,17,30.01
2001,4,18,29.69
2001,4,19,29.08
2001,4,20,30.1
2001,4,21,29.62
2001,4,22,29.65
2001,4,23,30.05
2001,4,24,29.8
2001,4,25,30.12
2001,4,26,30.74
2001,4,27,28.46
2001,4,28,27.85
2001,4,29,27.61
2001,4,30,26.98
2001,5,1,29.12
2001,5,2,29.45
2001,5,3,29.08
2001,5,4,29.86
2001,5,5,30.37
2001,5,6,30.06
2001,5,7,30.15
2001,5,8,28.33
2001,5,9,30.13
2001,5,10,28.58
2001,5,11,27.07
2001,5,12,25.88
2001,5,13,25.47
2001,5,14,25.44
2001,5,15,24.32
2001,5,16,24.28
2001,5,17,24.84
2001,5,18,25.85
2001,5,19,25.63
2001,5,20,26.12
2001,5,21,26.29
2001,5,22,26.23
2001,5,23,26.48
2001,5,24,25.67
2001,5,25,26.01
2001,5,26,25.11
2001,5,27,25.33
2001,5,28,24.59
2001,5,29,24.97
2001,5,30,25.19
2001,5,31,25.93
2001,6,1,25.44
2001,6,2,26.26
2001,6,3,25.43
2001,6,4,26.07
2001,6,5,25.49
2001,6,6,25.8
2001,6,7,24.77
2001,6,8,24.59
2001,6,9,25.8
2001,6,10,25.2
2001,6,11,25.28
2001,6,12,25.04
2001,6,13,25.62
2001,6,14,25.41
2001,6,15,25.01
2001,6,16,25.1
2001,6,17,25.15
2001,6,18,25.79
2001,6,19,25.19
2001,6,20,24.19
2001,6,21,24.08
2001,6,22,24.68
2001,6,23,24.37
2001,6,24,23.76
2001,6,25,24.83
2001,6,26,24.89
2001,6,27,24.62
2001,6,28,24.95
2001,6,29,24.34
2001,6,30,24.58
2001,7,1,24.55
2001,7,2,24.55
2001,7,3,24.64
2001,7,4,24
2001,7,5,23.96
2001,7,6,23.87
2001,7,7,24.33
2001,7,8,23.74
2001,7,9,24.83
2001,7,10,25.75
2001,7,11,25.79
2001,7,12,25.26
2001,7,13,25.15
2001,7,14,25.22
2001,7,15,25.79
2001,7,16,25.84
2001,7,17,25.87
2001,7,18,25.66
2001,7,19,25.65
2001,7,20,25
2001,7,21,24.01
2001,7,22,25.37
2001,7,23,25.9
2001,7,24,25.78
2001,7,25,25.4
2001,7,26,25.48
2001,7,27,25.53
2001,7,28,26.01
2001,7,29,25.08
2001,7,30,25.74
2001,7,31,26.2
2001,8,1,26.03
2001,8,2,25.47
2001,8,3,25.58
2001,8,4,24.05
2001,8,5,24.94
2001,8,6,24.52
2001,8,7,25.13
2001,8,8,25.56
2001,8,9,25.15
2001,8,10,24.71
2001,8,11,24.64
2001,8,12,24.5
2001,8,13,24.4
2001,8,14,24.3
2001,8,15,24.44
2001,8,16,23.54
2001,8,17,24.01
2001,8,18,23.33
2001,8,19,23.86
2001,8,20,24.67
2001,8,21,24.83
2001,8,22,25.75
2001,8,23,25.03
2001,8,24,24.93
2001,8,25,24.87
2001,8,26,24.28
2001,8,27,23.96
2001,8,28,24.7
2001,8,29,24.34
2001,8,30,24.59
2001,8,31,24.96
2001,9,1,25.43
2001,9,2,25.46
2001,9,3,24.55
2001,9,4,24.71
2001,9,5,24.76
2001,9,6,25.12
2001,9,7,25.36
2001,9,8,24.81
2001,9,9,24.44
2001,9,10,23.48
2001,9,11,24.51
2001,9,12,24.74
2001,9,13,24.69
2001,9,14,25.23
2001,9,15,25.37
2001,9,16,24.24
2001,9,17,25.26
2001,9,18,25.39
2001,9,19,24.68
2001,9,20,25.08
2001,9,21,24.23
2001,9,22,24.81
2001,9,23,24.23
2001,9,24,24.23
2001,9,25,24.55
2001,9,26,24.89
2001,9,27,24.34
2001,9,28,24.74
2001,9,29,24.98
2001,9,30,24.4
2001,10,1,24.63
2001,10,2,24.19
2001,10,3,24.62
2001,10,4,25.01
2001,10,5,24.89
2001,10,6,25.01
2001,10,7,25.31
2001,10,8,24.92
2001,10,9,24.54
2001,10,10,25.42
2001,10,11,23.5
2001,10,12,24.69
2001,10,13,25.13
2001,10,14,24.19
2001,10,15,25.18
2001,10,16,25.02
2001,10,17,25.15
2001,10,18,25
2001,10,19,25.19
2001,10,20,24.79
2001,10,21,23.84
2001,10,22,23.51
2001,10,23,24.16
2001,10,24,24.54
2001,10,25,24.8
2001,10,26,24.83
2001,10,27,25.06
2001,10,28,25.8
2001,10,29,25.74
2001,10,30,25
2001,10,31,24.66
2001,11,1,23.9
2001,11,2,24.76
2001,11,3,24.69
2001,11,4,25.21
2001,11,5,25.46
2001,11,6,25.46
2001,11,7,25.42
2001,11,8,25.06
2001,11,9,24.51
2001,11,10,22.71
2001,11,11,23.24
2001,11,12,20.94
2001,11,13,23.23
2001,11,14,24.51
2001,11,15,24.39
2001,11,16,24.45
2001,11,17,24.42
2001,11,18,24.27
2001,11,19,24.21
2001,11,20,23.41
2001,11,21,23.24
2001,11,22,23.94
2001,11,23,24.13
2001,11,24,23.5
2001,11,25,22.51
2001,11,26,21.52
2001,11,27,21.86
2001,11,28,23.23
2001,11,29,24.8
2001,11,30,25.76
2001,12,1,25.38
2001,12,2,25.18
2001,12,3,23.59
2001,12,4,23.79
2001,12,5,24.8
2001,12,6,25.51
2001,12,7,23.85
2001,12,8,24.47
2001,12,9,24.85
2001,12,10,24.8
2001,12,11,25.01
2001,12,12,25.61
2001,12,13,25.05
2001,12,14,25.11
2001,12,15,23.69
2001,12,16,24.15
2001,12,17,24.56
2001,12,18,25.51
2001,12,19,25.19
2001,12,20,25.47
2001,12,21,25.84
2001,12,22,24.82
2001,12,23,23.51
2001,12,24,22.3
2001,12,25,23.83
2001,12,26,25.01
2001,12,27,25.08
2001,12,28,24.9
2001,12,29,22.87
2001,12,30,22.14
2001,12,31,21.77
2002,1,1,22.81
2002,1,2,22.12
2002,1,3,23.19
2002,1,4,24.6
2002,1,5,24.98
2002,1,6,24.08
2002,1,7,23.86
2002,1,8,23.48
2002,1,9,23.49
2002,1,10,24.23
2002,1,11,23.4
2002,1,12,23.19
2002,1,13,24.38
2002,1,14,24.56
2002,1,15,25.37
2002,1,16,25.94
2002,1,17,25.84
2002,1,18,26.78
2002,1,19,27.53
2002,1,20,28.26
2002,1,21,27.27
2002,1,22,25.9
2002,1,23,25.53
2002,1,24,25.71
2002,1,25,26.81
2002,1,26,26.5
2002,1,27,26.78
2002,1,28,27.2
2002,1,29,26.33
2002,1,30,25.26
2002,1,31,24.56
2002,2,1,25.37
2002,2,2,25.65
2002,2,3,24.37
2002,2,4,25.2
2002,2,5,25.19
2002,2,6,25.67
2002,2,7,25.65
2002,2,8,25.86
2002,2,9,25.87
2002,2,10,26.49
2002,2,11,26.29
2002,2,12,25.79
2002,2,13,25.51
2002,2,14,26.15
2002,2,15,26.33
2002,2,16,25.64
2002,2,17,26.26
2002,2,18,26.84
2002,2,19,27.29
2002,2,20,27.88
2002,2,21,27.9
2002,2,22,28.23
2002,2,23,29.26
2002,2,24,28.69
2002,2,25,27.83
2002,2,26,28.12
2002,2,27,27.74
2002,2,28,28.53
2002,3,1,27.73
2002,3,2,27.45
2002,3,3,27.27
2002,3,4,26.54
2002,3,5,27.8
2002,3,6,28.38
2002,3,7,27.77
2002,3,8,27.62
2002,3,9,27.83
2002,3,10,28.24
2002,3,11,28.25
2002,3,12,28.86
2002,3,13,28.15
2002,3,14,27.81
2002,3,15,29.07
2002,3,16,29.04
2002,3,17,29.73
2002,3,18,28.6
2002,3,19,29.68
2002,3,20,29.97
2002,3,21,29.63
2002,3,22,29.46
2002,3,23,30.14
2002,3,24,29.29
2002,3,25,28.37
2002,3,26,30.03
2002,3,27,29.95
2002,3,28,30.23
2002,3,29,29.96
2002,3,30,29.8
2002,3,31,29.86
2002,4,1,29.2
2002,4,2,28.73
2002,4,3,28.45
2002,4,4,28.42
2002,4,5,28.91
2002,4,6,28.63
2002,4,7,28.93
2002,4,8,28.64
2002,4,9,26.62
2002,4,10,27.47
2002,4,11,27.15
2002,4,12,28.98
2002,4,13,30.25
2002,4,14,29.62
2002,4,15,29.61
2002,4,16,28.82
2002,4,17,28.95
2002,4,18,30.04
2002,4,19,30.57
2002,4,20,30.62
2002,4,21,30.93
2002,4,22,30.01
2002,4,23,29.53
2002,4,24,27.75
2002,4,25,26.2
2002,4,26,27.12
2002,4,27,27.91
2002,4,28,28.54
2002,4,29,29.62
2002,4,30,29.44
2002,5,1,29.71
2002,5,2,30.37
2002,5,3,30.1
2002,5,4,30.01
2002,5,5,30.52
2002,5,6,27.69
2002,5,7,29.14
2002,5,8,29.4
2002,5,9,29.4
2002,5,10,29.62
2002,5,11,27.12
2002,5,12,26.37
2002,5,13,27.37
2002,5,14,27.56
2002,5,15,27.89
2002,5,16,27.29
2002,5,17,28.9
2002,5,18,29.01
2002,5,19,28.44
2002,5,20,29.08
2002,5,21,27.08
2002,5,22,28.26
2002,5,23,27.8
2002,5,24,26.09
2002,5,25,25.98
2002,5,26,26.19
2002,5,27,24.9
2002,5,28,26.51
2002,5,29,27.45
2002,5,30,28.15
2002,5,31,28.2
2002,6,1,28.4
2002,6,2,28.08
2002,6,3,26.94
2002,6,4,25.4
2002,6,5,27.08
2002,6,6,27.28
2002,6,7,27.44
2002,6,8,27.42
2002,6,9,27.29
2002,6,10,27.58
2002,6,11,27.26
2002,6,12,27.37
2002,6,13,27.51
2002,6,14,26.76
2002,6,15,25.6
2002,6,16,25.1
2002,6,17,24.59
2002,6,18,24.47
2002,6,19,24.51
2002,6,20,24.01
2002,6,21,23.48
2002,6,22,24.05
2002,6,23,24.33
2002,6,24,25.8
2002,6,25,26.12
2002,6,26,25.76
2002,6,27,26.28
2002,6,28,26.03
2002,6,29,26.42
2002,6,30,26.96
2002,7,1,26.94
2002,7,2,26.05
2002,7,3,26.08
2002,7,4,26.34
2002,7,5,25.06
2002,7,6,25.42
2002,7,7,25.09
2002,7,8,25.74
2002,7,9,25.9
2002,7,10,25.47
2002,7,11,25.95
2002,7,12,26.35
2002,7,13,26.31
2002,7,14,25.51
2002,7,15,24.56
2002,7,16,25.06
2002,7,17,25.76
2002,7,18,26.61
2002,7,19,26.83
2002,7,20,26.08
2002,7,21,26.02
2002,7,22,27.19
2002,7,23,27.32
2002,7,24,27.12
2002,7,25,27.21
2002,7,26,26.44
2002,7,27,25.3
2002,7,28,24.71
2002,7,29,25.34
2002,7,30,25.76
2002,7,31,26.94
2002,8,1,26.38
2002,8,2,26.44
2002,8,3,26.51
2002,8,4,25.55
2002,8,5,24.59
2002,8,6,24.53
2002,8,7,24.67
2002,8,8,24.81
2002,8,9,25.42
2002,8,10,25.9
2002,8,11,25.8
2002,8,12,23.98
2002,8,13,23.53
2002,8,14,23.15
2002,8,15,22.58
2002,8,16,22.13
2002,8,17,22.47
2002,8,18,23.77
2002,8,19,23.35
2002,8,20,24.03
2002,8,21,24.07
2002,8,22,25.03
2002,8,23,24.45
2002,8,24,25.13
2002,8,25,25.26
2002,8,26,25.3
2002,8,27,25.43
2002,8,28,25.87
2002,8,29,24.25
2002,8,30,23.84
2002,8,31,24.7
2002,9,1,24.95
2002,9,2,25.52
2002,9,3,24.87
2002,9,4,24.49
2002,9,5,24.98
2002,9,6,24.89
2002,9,7,24.9
2002,9,8,24.63
2002,9,9,24.23
2002,9,10,23.77
2002,9,11,23.73
2002,9,12,24.19
2002,9,13,24.44
2002,9,14,24.64
2002,9,15,24.53
2002,9,16,24.83
2002,9,17,23.89
2002,9,18,24.25
2002,9,19,23.7
2002,9,20,24.36
2002,9,21,24.44
2002,9,22,24.05
2002,9,23,23.87
2002,9,24,23.77
2002,9,25,24.33
2002,9,26,24.85
2002,9,27,25.52
2002,9,28,24.93
2002,9,29,24.33
2002,9,30,24.05
2002,10,1,24.51
2002,10,2,24.91
2002,10,3,24.48
2002,10,4,25.65
2002,10,5,25.27
2002,10,6,25.58
2002,10,7,24.56
2002,10,8,24.87
2002,10,9,25.16
2002,10,10,25.01
2002,10,11,25.22
2002,10,12,23.68
2002,10,13,24.28
2002,10,14,24.96
2002,10,15,25.17
2002,10,16,24.49
2002,10,17,25.14
2002,10,18,25.41
2002,10,19,25.93
2002,10,20,26.05
2002,10,21,25.74
2002,10,22,25.46
2002,10,23,25.39
2002,10,24,24.27
2002,10,25,23.33
2002,10,26,24.19
2002,10,27,25.1
2002,10,28,25.21
2002,10,29,25.68
2002,10,30,25.23
2002,10,31,25.17
2002,11,1,25.27
2002,11,2,25.51
2002,11,3,24.91
2002,11,4,22.73
2002,11,5,24.37
2002,11,6,23.66
2002,11,7,23.47
2002,11,8,24.38
2002,11,9,24.66
2002,11,10,25.31
2002,11,11,24.07
2002,11,12,25.38
2002,11,13,25.51
2002,11,14,25.35
2002,11,15,25.99
2002,11,16,25.91
2002,11,17,25.76
2002,11,18,25.9
2002,11,19,26.32
2002,11,20,25.93
2002,11,21,25.19
2002,11,22,24.39
2002,11,23,24.67
2002,11,24,25.08
2002,11,25,24.75
2002,11,26,24.33
2002,11,27,24.22
2002,11,28,23.93
2002,11,29,24.18
2002,11,30,24.08
2002,12,1,24.65
2002,12,2,25.44
2002,12,3,25.68
2002,12,4,25.69
2002,12,5,25.26
2002,12,6,25.92
2002,12,7,26.12
2002,12,8,26.42
2002,12,9,25.54
2002,12,10,25.94
2002,12,11,25.98
2002,12,12,25.76
2002,12,13,25.96
2002,12,14,25.79
2002,12,15,25.93
2002,12,16,26.12
2002,12,17,26.69
2002,12,18,27.14
2002,12,19,27.64
2002,12,20,27.41
2002,12,21,26.87
2002,12,22,27.65
2002,12,23,28.19
2002,12,24,27.48
2002,12,25,26.97
2002,12,26,26
2002,12,27,25.5
2002,12,28,23.24
2002,12,29,24.51
2002,12,30,24.22
2002,12,31,25.29
2003,1,1,24.93
2003,1,2,25.26
2003,1,3,25.34
2003,1,4,25.63
2003,1,5,25.22
2003,1,6,24.98
2003,1,7,26.63
2003,1,8,25.23
2003,1,9,24.57
2003,1,10,24.64
2003,1,11,24.41
2003,1,12,23.33
2003,1,13,23.07
2003,1,14,24.41
2003,1,15,25.58
2003,1,16,23.02
2003,1,17,25.2
2003,1,18,25.96
2003,1,19,24.76
2003,1,20,24.57
2003,1,21,24.85
2003,1,22,24.55
2003,1,23,25.24
2003,1,24,25.2
2003,1,25,25.81
2003,1,26,26.01
2003,1,27,26.65
2003,1,28,26.78
2003,1,29,26.54
2003,1,30,26.82
2003,1,31,28.11
2003,2,1,28.15
2003,2,2,27.62
2003,2,3,26
2003,2,4,25.48
2003,2,5,25.24
2003,2,6,25.04
2003,2,7,25.3
2003,2,8,26.31
2003,2,9,27.72
2003,2,10,29.24
2003,2,11,29.83
2003,2,12,28.5
2003,2,13,28.45
2003,2,14,28.91
2003,2,15,28.34
2003,2,16,28.26
2003,2,17,27.62
2003,2,18,28.23
2003,2,19,27.6
2003,2,20,27.82
2003,2,21,27.95
2003,2,22,28.3
2003,2,23,27.71
2003,2,24,27.57
2003,2,25,28.15
2003,2,26,28.3
2003,2,27,28.06
2003,2,28,28.35
2003,3,1,27.97
2003,3,2,28.01
2003,3,3,28.34
2003,3,4,28.84
2003,3,5,28.39
2003,3,6,29.47
2003,3,7,30.05
2003,3,8,30.07
2003,3,9,30.11
2003,3,10,29.34
2003,3,11,29.22
2003,3,12,29.02
2003,3,13,29.33
2003,3,14,28.63
2003,3,15,28.71
2003,3,16,28.45
2003,3,17,29.17
2003,3,18,28.95
2003,3,19,29.12
2003,3,20,28.88
2003,3,21,29.27
2003,3,22,29.81
2003,3,23,28.79
2003,3,24,29
2003,3,25,29.15
2003,3,26,30.12
2003,3,27,30.83
2003,3,28,29.77
2003,3,29,29.58
2003,3,30,29.42
2003,3,31,29.58
2003,4,1,29.22
2003,4,2,29.43
2003,4,3,29.8
2003,4,4,30.74
2003,4,5,30.38
2003,4,6,30.25
2003,4,7,30.55
2003,4,8,30.34
2003,4,9,30.54
2003,4,10,29.69
2003,4,11,30.23
2003,4,12,30.01
2003,4,13,29.96
2003,4,14,30.26
2003,4,15,29.87
2003,4,16,29.32
2003,4,17,29.95
2003,4,18,30.03
2003,4,19,29.2
2003,4,20,26.87
2003,4,21,29.01
2003,4,22,29.69
2003,4,23,30
2003,4,24,30.21
2003,4,25,29.45
2003,4,26,29.12
2003,4,27,29.75
2003,4,28,30.68
2003,4,29,31.15
2003,4,30,31.4
2003,5,1,30.77
2003,5,2,29.54
2003,5,3,28.28
2003,5,4,26.76
2003,5,5,27.2
2003,5,6,26.46
2003,5,7,26.62
2003,5,8,28.66
2003,5,9,27.9
2003,5,10,27.93
2003,5,11,27.39
2003,5,12,26.26
2003,5,13,25.85
2003,5,14,26.08
2003,5,15,26.12
2003,5,16,25.23
2003,5,17,25.55
2003,5,18,26.36
2003,5,19,26.44
2003,5,20,25.58
2003,5,21,24.79
2003,5,22,25.01
2003,5,23,24.9
2003,5,24,25.39
2003,5,25,25.33
2003,5,26,25.37
2003,5,27,24.97
2003,5,28,25.06
2003,5,29,25.01
2003,5,30,24.88
2003,5,31,24.62
2003,6,1,24.52
2003,6,2,24.58
2003,6,3,24.99
2003,6,4,25.41
2003,6,5,25.87
2003,6,6,25.79
2003,6,7,25.9
2003,6,8,26.03
2003,6,9,26.41
2003,6,10,26.58
2003,6,11,26.66
2003,6,12,26.97
2003,6,13,26.48
2003,6,14,25.8
2003,6,15,26.23
2003,6,16,25.15
2003,6,17,25.84
2003,6,18,25.23
2003,6,19,25.42
2003,6,20,25.77
2003,6,21,25.54
2003,6,22,25.55
2003,6,23,26.48
2003,6,24,25.38
2003,6,25,25.16
2003,6,26,25.75
2003,6,27,25.15
2003,6,28,25.47
2003,6,29,25.11
2003,6,30,25.64
2003,7,1,24.91
2003,7,2,26.02
2003,7,3,27.19
2003,7,4,26.87
2003,7,5,23.7
2003,7,6,23.93
2003,7,7,25.19
2003,7,8,24.83
2003,7,9,24.96
2003,7,10,24.89
2003,7,11,24.85
2003,7,12,25.18
2003,7,13,25.45
2003,7,14,25.16
2003,7,15,26.42
2003,7,16,26.23
2003,7,17,25.92
2003,7,18,26.26
2003,7,19,25.38
2003,7,20,25.45
2003,7,21,24.43
2003,7,22,24.11
2003,7,23,24.03
2003,7,24,24.23
2003,7,25,24.73
2003,7,26,25.28
2003,7,27,24.43
2003,7,28,24.76
2003,7,29,24.69
2003,7,30,25.01
2003,7,31,25.54
2003,8,1,25.96
2003,8,2,24.69
2003,8,3,25
2003,8,4,24.35
2003,8,5,24.72
2003,8,6,25.29
2003,8,7,25.03
2003,8,8,25.7
2003,8,9,26.03
2003,8,10,26.15
2003,8,11,25.57
2003,8,12,25.21
2003,8,13,26.12
2003,8,14,26.28
2003,8,15,26.23
2003,8,16,25.64
2003,8,17,25.15
2003,8,18,24.37
2003,8,19,24.05
2003,8,20,23.94
2003,8,21,24.48
2003,8,22,25.06
2003,8,23,25.33
2003,8,24,24.87
2003,8,25,24.8
2003,8,26,25.87
2003,8,27,26.79
2003,8,28,25.15
2003,8,29,25.33
2003,8,30,24.51
2003,8,31,25.4
2003,9,1,25.4
2003,9,2,25.37
2003,9,3,25.05
2003,9,4,25
2003,9,5,24.94
2003,9,6,25.44
2003,9,7,24.69
2003,9,8,24.26
2003,9,9,24.78
2003,9,10,24.9
2003,9,11,25.32
2003,9,12,24.33
2003,9,13,24.53
2003,9,14,24.15
2003,9,15,24.61
2003,9,16,25.35
2003,9,17,24.97
2003,9,18,24.23
2003,9,19,24.79
2003,9,20,24.83
2003,9,21,24.58
2003,9,22,24.37
2003,9,23,24.51
2003,9,24,25.17
2003,9,25,24.83
2003,9,26,24.33
2003,9,27,24.87
2003,9,28,25.84
2003,9,29,25.52
2003,9,30,24.66
2003,10,1,25.7
2003,10,2,25.51
2003,10,3,24.81
2003,10,4,25.39
2003,10,5,24.81
2003,10,6,25.95
2003,10,7,25.47
2003,10,8,25.84
2003,10,9,25.57
2003,10,10,25.55
2003,10,11,26.12
2003,10,12,25.15
2003,10,13,25.25
2003,10,14,24.2
2003,10,15,23.23
2003,10,16,24.39
2003,10,17,24.16
2003,10,18,24.3
2003,10,19,24.69
2003,10,20,23.83
2003,10,21,24.55
2003,10,22,23.66
2003,10,23,23.65
2003,10,24,23.94
2003,10,25,23.94
2003,10,26,22.65
2003,10,27,23.66
2003,10,28,24.65
2003,10,29,25.19
2003,10,30,25.23
2003,10,31,25.01
2003,11,1,25.12
2003,11,2,24.96
2003,11,3,25.73
2003,11,4,25.58
2003,11,5,25.61
2003,11,6,25.39
2003,11,7,25.67
2003,11,8,26.44
2003,11,9,26.51
2003,11,10,26.4
2003,11,11,25.76
2003,11,12,24.82
2003,11,13,23.57
2003,11,14,24.83
2003,11,15,24.1
2003,11,16,23.73
2003,11,17,23.94
2003,11,18,24.59
2003,11,19,24.73
2003,11,20,25.38
2003,11,21,25.46
2003,11,22,24.94
2003,11,23,25.34
2003,11,24,25.6
2003,11,25,25.98
2003,11,26,25.84
2003,11,27,25.06
2003,11,28,23.62
2003,11,29,24.62
2003,11,30,23.65
2003,12,1,23.62
2003,12,2,23.55
2003,12,3,23.32
2003,12,4,24.33
2003,12,5,25.51
2003,12,6,24.8
2003,12,7,25.15
2003,12,8,26.28
2003,12,9,24.62
2003,12,10,25.61
2003,12,11,26.13
2003,12,12,26.01
2003,12,13,25.76
2003,12,14,25.06
2003,12,15,23.77
2003,12,16,23.76
2003,12,17,23.41
2003,12,18,23.77
2003,12,19,23.3
2003,12,20,22.23
2003,12,21,23.6
2003,12,22,24.76
2003,12,23,24.22
2003,12,24,24.06
2003,12,25,24.73
2003,12,26,24.4
2003,12,27,24.28
2003,12,28,24.8
2003,12,29,25.34
2003,12,30,26.1
2003,12,31,26.22
2004,1,1,26
2004,1,2,26.15
2004,1,3,26.84
2004,1,4,26.85
2004,1,5,26.34
2004,1,6,27.23
2004,1,7,26.12
2004,1,8,26.95
2004,1,9,27.37
2004,1,10,27.2
2004,1,11,27.14
2004,1,12,27.37
2004,1,13,26.35
2004,1,14,26.54
2004,1,15,27.14
2004,1,16,26.98
2004,1,17,26.8
2004,1,18,26.56
2004,1,19,26.44
2004,1,20,26.5
2004,1,21,26.75
2004,1,22,25.22
2004,1,23,25.04
2004,1,24,24.69
2004,1,25,24.73
2004,1,26,25.51
2004,1,27,26.76
2004,1,28,26.13
2004,1,29,26.94
2004,1,30,28.59
2004,1,31,27.75
2004,2,1,26.87
2004,2,2,28.03
2004,2,3,27.48
2004,2,4,28.08
2004,2,5,28.75
2004,2,6,28.16
2004,2,7,27.3
2004,2,8,27.61
2004,2,9,26.84
2004,2,10,26.55
2004,2,11,26.86
2004,2,12,27.21
2004,2,13,25.58
2004,2,14,24.45
2004,2,15,24.37
2004,2,16,25.07
2004,2,17,25.19
2004,2,18,26.68
2004,2,19,26.37
2004,2,20,27.19
2004,2,21,27.17
2004,2,22,26.87
2004,2,23,26.87
2004,2,24,26.97
2004,2,25,26.87
2004,2,26,27.37
2004,2,27,27.78
2004,2,28,28.17
2004,2,29,29.1
2004,3,1,29.26
2004,3,2,27.05
2004,3,3,29.16
2004,3,4,28.7
2004,3,5,28.62
2004,3,6,28.97
2004,3,7,27.73
2004,3,8,27.49
2004,3,9,27.95
2004,3,10,28.58
2004,3,11,28.86
2004,3,12,28.96
2004,3,13,29.19
2004,3,14,29.19
2004,3,15,27.56
2004,3,16,28.07
2004,3,17,28.58
2004,3,18,29.44
2004,3,19,29.15
2004,3,20,28.44
2004,3,21,29.05
2004,3,22,28.39
2004,3,23,28.63
2004,3,24,28.86
2004,3,25,29.33
2004,3,26,28.62
2004,3,27,30
2004,3,28,29.87
2004,3,29,29.83
2004,3,30,29.27
2004,3,31,29.65
2004,4,1,29.82
2004,4,2,30.63
2004,4,3,30.5
2004,4,4,30.36
2004,4,5,28.93
2004,4,6,28.76
2004,4,7,28.98
2004,4,8,27.24
2004,4,9,29.57
2004,4,10,30.94
2004,4,11,28.62
2004,4,12,27.85
2004,4,13,29.47
2004,4,14,28.51
2004,4,15,28.72
2004,4,16,28.46
2004,4,17,28.5
2004,4,18,28.85
2004,4,19,29.54
2004,4,20,31.01
2004,4,21,30.62
2004,4,22,30.7
2004,4,23,30.09
2004,4,24,29.83
2004,4,25,29.6
2004,4,26,29.51
2004,4,27,31.29
2004,4,28,30.86
2004,4,29,30.12
2004,4,30,30.73
2004,5,1,30.09
2004,5,2,31.08
2004,5,3,30.43
2004,5,4,30.51
2004,5,5,31.39
2004,5,6,30.85
2004,5,7,29.18
2004,5,8,26.12
2004,5,9,27.16
2004,5,10,26.12
2004,5,11,25.7
2004,5,12,25.33
2004,5,13,26.29
2004,5,14,24.7
2004,5,15,26.31
2004,5,16,26.39
2004,5,17,26
2004,5,18,24.33
2004,5,19,25.25
2004,5,20,25.58
2004,5,21,25.52
2004,5,22,24.99
2004,5,23,24.24
2004,5,24,24.55
2004,5,25,25.05
2004,5,26,25.46
2004,5,27,26.12
2004,5,28,25.94
2004,5,29,26.83
2004,5,30,26.29
2004,5,31,26.65
2004,6,1,25.69
2004,6,2,25.29
2004,6,3,25.33
2004,6,4,25.29
2004,6,5,25.09
2004,6,6,25.81
2004,6,7,25.02
2004,6,8,25.25
2004,6,9,25.36
2004,6,10,25.11
2004,6,11,24.05
2004,6,12,23.65
2004,6,13,24.3
2004,6,14,25.08
2004,6,15,24.76
2004,6,16,25.12
2004,6,17,25.08
2004,6,18,25.29
2004,6,19,25.47
2004,6,20,25.21
2004,6,21,24.43
2004,6,22,24.61
2004,6,23,24.02
2004,6,24,24.16
2004,6,25,25.1
2004,6,26,25.62
2004,6,27,25.28
2004,6,28,25.65
2004,6,29,25.89
2004,6,30,26.15
2004,7,1,25.45
2004,7,2,25.48
2004,7,3,25.54
2004,7,4,25.39
2004,7,5,25.55
2004,7,6,26.14
2004,7,7,25.81
2004,7,8,24.63
2004,7,9,24.27
2004,7,10,25.22
2004,7,11,24.8
2004,7,12,25.18
2004,7,13,25.38
2004,7,14,25.76
2004,7,15,25.36
2004,7,16,26.06
2004,7,17,25.11
2004,7,18,24.87
2004,7,19,25.04
2004,7,20,25.39
2004,7,21,24.55
2004,7,22,24.08
2004,7,23,25.15
2004,7,24,25.07
2004,7,25,24.44
2004,7,26,24.38
2004,7,27,24.62
2004,7,28,24.46
2004,7,29,24.75
2004,7,30,24.6
2004,7,31,24.44
2004,8,1,24.2
2004,8,2,24.13
2004,8,3,24.28
2004,8,4,24.48
2004,8,5,24.67
2004,8,6,24.26
2004,8,7,23.9
2004,8,8,23.38
2004,8,9,23.67
2004,8,10,23.98
2004,8,11,24.78
2004,8,12,23.65
2004,8,13,24.52
2004,8,14,23.87
2004,8,15,25.37
2004,8,16,24.69
2004,8,17,24.52
2004,8,18,24.48
2004,8,19,23.7
2004,8,20,24.55
2004,8,21,24.51
2004,8,22,25.12
2004,8,23,25.71
2004,8,24,25.76
2004,8,25,25.78
2004,8,26,25.05
2004,8,27,25.06
2004,8,28,25.12
2004,8,29,24.9
2004,8,30,24.69
2004,8,31,25.66
2004,9,1,25.18
2004,9,2,24.01
2004,9,3,25.09
2004,9,4,24.9
2004,9,5,25.51
2004,9,6,24.89
2004,9,7,24.49
2004,9,8,24.51
2004,9,9,25.12
2004,9,10,25.51
2004,9,11,26.19
2004,9,12,25.05
2004,9,13,24.03
2004,9,14,24.48
2004,9,15,24.87
2004,9,16,25.19
2004,9,17,24.4
2004,9,18,24.9
2004,9,19,24.1
2004,9,20,24.88
2004,9,21,25.87
2004,9,22,26.04
2004,9,23,26.23
2004,9,24,26.29
2004,9,25,26.86
2004,9,26,26.34
2004,9,27,26.67
2004,9,28,26.26
2004,9,29,25.06
2004,9,30,25.94
2004,10,1,24.91
2004,10,2,24.51
2004,10,3,24.9
2004,10,4,24.81
2004,10,5,24
2004,10,6,24.09
2004,10,7,25.12
2004,10,8,25.16
2004,10,9,25.21
2004,10,10,25.01
2004,10,11,24.93
2004,10,12,25.19
2004,10,13,25.48
2004,10,14,25.23
2004,10,15,24.92
2004,10,16,25.47
2004,10,17,23.65
2004,10,18,24.38
2004,10,19,25.09
2004,10,20,25.79
2004,10,21,25.96
2004,10,22,26.31
2004,10,23,26.13
2004,10,24,26.55
2004,10,25,25.26
2004,10,26,25.83
2004,10,27,26.65
2004,10,28,27.16
2004,10,29,27.32
2004,10,30,26.41
2004,10,31,26.47
2004,11,1,26.14
2004,11,2,26.62
2004,11,3,26.25
2004,11,4,26.82
2004,11,5,27.53
2004,11,6,27.45
2004,11,7,26.71
2004,11,8,26.9
2004,11,9,26.78
2004,11,10,26.87
2004,11,11,27.67
2004,11,12,27.92
2004,11,13,27.77
2004,11,14,27.87
2004,11,15,27.3
2004,11,16,27.58
2004,11,17,26.76
2004,11,18,26.85
2004,11,19,26.3
2004,11,20,24.9
2004,11,21,25.84
2004,11,22,26.47
2004,11,23,26.62
2004,11,24,25.66
2004,11,25,27.12
2004,11,26,28.23
2004,11,27,27.5
2004,11,28,27.26
2004,11,29,27.09
2004,11,30,26.5
2004,12,1,26.93
2004,12,2,26.55
2004,12,3,26.19
2004,12,4,27.21
2004,12,5,26.14
2004,12,6,26.09
2004,12,7,26.61
2004,12,8,25.88
2004,12,9,26.39
2004,12,10,26.11
2004,12,11,26.73
2004,12,12,26.86
2004,12,13,25.98
2004,12,14,24.78
2004,12,15,26.39
2004,12,16,25.98
2004,12,17,26.43
2004,12,18,26.47
2004,12,19,25.6
2004,12,20,25.17
2004,12,21,24.23
2004,12,22,24.83
2004,12,23,24.5
2004,12,24,25.51
2004,12,25,25.64
2004,12,26,24.9
2004,12,27,25.38
2004,12,28,25.55
2004,12,29,26.09
2004,12,30,27.44
2004,12,31,26.32
2005,1,1,24.2
2005,1,2,24.47
2005,1,3,24.55
2005,1,4,25.26
2005,1,5,25.11
2005,1,6,26.06
2005,1,7,27.2
2005,1,8,26.36
2005,1,9,26.38
2005,1,10,26.11
2005,1,11,26
2005,1,12,26.21
2005,1,13,26.69
2005,1,14,25.98
2005,1,15,25.23
2005,1,16,25.24
2005,1,17,24.77
2005,1,18,24.69
2005,1,19,25.19
2005,1,20,25.71
2005,1,21,26.26
2005,1,22,26.82
2005,1,23,26.76
2005,1,24,25.81
2005,1,25,25.52
2005,1,26,26.05
2005,1,27,25.56
2005,1,28,26.15
2005,1,29,26.8
2005,1,30,27.06
2005,1,31,26.23
2005,2,1,25.43
2005,2,2,26.32
2005,2,3,26.97
2005,2,4,27.22
2005,2,5,26.62
2005,2,6,27.33
2005,2,7,27.4
2005,2,8,27.33
2005,2,9,27.8
2005,2,10,28.68
2005,2,11,28.32
2005,2,12,28.83
2005,2,13,29.15
2005,2,14,28.68
2005,2,15,28.6
2005,2,16,28.8
2005,2,17,28.31
2005,2,18,28.75
2005,2,19,28.8
2005,2,20,29.17
2005,2,21,28.5
2005,2,22,27.83
2005,2,23,27.47
2005,2,24,27.59
2005,2,25,27.88
2005,2,26,28.64
2005,2,27,28.4
2005,2,28,28.25
2005,3,1,29.23
2005,3,2,29.19
2005,3,3,27.87
2005,3,4,27.73
2005,3,5,25.3
2005,3,6,24.03
2005,3,7,25.64
2005,3,8,25.83
2005,3,9,27.03
2005,3,10,27.91
2005,3,11,28.01
2005,3,12,28.76
2005,3,13,29.57
2005,3,14,30.01
2005,3,15,29.98
2005,3,16,30.26
2005,3,17,29.46
2005,3,18,29.83
2005,3,19,29.02
2005,3,20,30.2
2005,3,21,30.63
2005,3,22,30.39
2005,3,23,29.57
2005,3,24,30.05
2005,3,25,30.6
2005,3,26,30.87
2005,3,27,30.15
2005,3,28,30.61
2005,3,29,30.82
2005,3,30,30.19
2005,3,31,28.93
2005,4,1,30.27
2005,4,2,31.8
2005,4,3,31.9
2005,4,4,31.48
2005,4,5,31.12
2005,4,6,31.02
2005,4,7,29.93
2005,4,8,30.41
2005,4,9,29.21
2005,4,10,29.8
2005,4,11,29.88
2005,4,12,29.87
2005,4,13,30.51
2005,4,14,30.43
2005,4,15,30.23
2005,4,16,30.37
2005,4,17,29.24
2005,4,18,30.21
2005,4,19,30.83
2005,4,20,29.76
2005,4,21,29.68
2005,4,22,29.47
2005,4,23,29.29
2005,4,24,28.62
2005,4,25,28.95
2005,4,26,28.01
2005,4,27,26.69
2005,4,28,27.41
2005,4,29,29.37
2005,4,30,29.58
2005,5,1,30.9
2005,5,2,31.15
2005,5,3,31.55
2005,5,4,31.31
2005,5,5,31.06
2005,5,6,31.76
2005,5,7,30.16
2005,5,8,29.26
2005,5,9,27.27
2005,5,10,26.41
2005,5,11,26.01
2005,5,12,27.61
2005,5,13,28.35
2005,5,14,27.3
2005,5,15,26.3
2005,5,16,26.62
2005,5,17,26.81
2005,5,18,27.19
2005,5,19,28.19
2005,5,20,25.8
2005,5,21,25.98
2005,5,22,26.38
2005,5,23,26.55
2005,5,24,26.2
2005,5,25,26.17
2005,5,26,25.91
2005,5,27,26.19
2005,5,28,25.35
2005,5,29,26.57
2005,5,30,26.76
2005,5,31,25.88
2005,6,1,26.9
2005,6,2,26.62
2005,6,3,26.21
2005,6,4,26.76
2005,6,5,26.44
2005,6,6,26.93
2005,6,7,26.31
2005,6,8,25.31
2005,6,9,25.36
2005,6,10,25.38
2005,6,11,27.08
2005,6,12,27.35
2005,6,13,27.06
2005,6,14,26.44
2005,6,15,27.05
2005,6,16,26.37
2005,6,17,26.49
2005,6,18,25.13
2005,6,19,26.51
2005,6,20,25.98
2005,6,21,26.33
2005,6,22,27.26
2005,6,23,25.56
2005,6,24,25.76
2005,6,25,25.55
2005,6,26,25.98
2005,6,27,25.45
2005,6,28,24.9
2005,6,29,24.84
2005,6,30,24.95
2005,7,1,24.4
2005,7,2,24.56
2005,7,3,24.18
2005,7,4,23.55
2005,7,5,25.01
2005,7,6,25.4
2005,7,7,24.62
2005,7,8,24.89
2005,7,9,25.49
2005,7,10,26.61
2005,7,11,24.73
2005,7,12,25.01
2005,7,13,25.87
2005,7,14,27.07
2005,7,15,27.47
2005,7,16,27.08
2005,7,17,25.78
2005,7,18,25.04
2005,7,19,25.87
2005,7,20,25.12
2005,7,21,25.22
2005,7,22,24.95
2005,7,23,24.92
2005,7,24,24.01
2005,7,25,25.09
2005,7,26,24.76
2005,7,27,24.69
2005,7,28,24.34
2005,7,29,24.98
2005,7,30,23.98
2005,7,31,24.72
2005,8,1,24.77
2005,8,2,25.89
2005,8,3,24.59
2005,8,4,25.08
2005,8,5,25.47
2005,8,6,25.34
2005,8,7,24.18
2005,8,8,24.12
2005,8,9,24.37
2005,8,10,25.18
2005,8,11,24.76
2005,8,12,24.92
2005,8,13,24.33
2005,8,14,24.35
2005,8,15,25.11
2005,8,16,25.33
2005,8,17,25.01
2005,8,18,25.14
2005,8,19,25.37
2005,8,20,25.47
2005,8,21,25.84
2005,8,22,25.1
2005,8,23,25.83
2005,8,24,25.78
2005,8,25,26.4
2005,8,26,25.84
2005,8,27,25.96
2005,8,28,24.56
2005,8,29,25.17
2005,8,30,24.67
2005,8,31,24.78
2005,9,1,25.56
2005,9,2,25.76
2005,9,3,25.28
2005,9,4,25.23
2005,9,5,25.18
2005,9,6,25.87
2005,9,7,24.63
2005,9,8,24.65
2005,9,9,23.92
2005,9,10,23.65
2005,9,11,23.51
2005,9,12,23.9
2005,9,13,24.24
2005,9,14,25.24
2005,9,15,24.74
2005,9,16,24.37
2005,9,17,26.06
2005,9,18,25.13
2005,9,19,24.41
2005,9,20,24.79
2005,9,21,24.06
2005,9,22,24.3
2005,9,23,24.81
2005,9,24,25.48
2005,9,25,25.01
2005,9,26,24.62
2005,9,27,24.25
2005,9,28,25.51
2005,9,29,25.84
2005,9,30,25.85
2005,10,1,25.65
2005,10,2,25.41
2005,10,3,24.99
2005,10,4,25.17
2005,10,5,24.98
2005,10,6,24.94
2005,10,7,24.83
2005,10,8,24.72
2005,10,9,25.94
2005,10,10,26.14
2005,10,11,25.41
2005,10,12,25.69
2005,10,13,25.48
2005,10,14,25.59
2005,10,15,25.3
2005,10,16,25.1
2005,10,17,25.3
2005,10,18,25.5
2005,10,19,24.53
2005,10,20,23.87
2005,10,21,24.83
2005,10,22,24.55
2005,10,23,23.83
2005,10,24,24.94
2005,10,25,24.39
2005,10,26,24.42
2005,10,27,25.59
2005,10,28,25.61
2005,10,29,25.74
2005,10,30,25.6
2005,10,31,26.24
2005,11,1,25.43
2005,11,2,25.2
2005,11,3,25.42
2005,11,4,25.37
2005,11,5,25.37
2005,11,6,25.15
2005,11,7,24.63
2005,11,8,25.04
2005,11,9,25.8
2005,11,10,25.69
2005,11,11,25.61
2005,11,12,25.22
2005,11,13,24.9
2005,11,14,25.29
2005,11,15,25.65
2005,11,16,25.79
2005,11,17,25.17
2005,11,18,25.6
2005,11,19,24.92
2005,11,20,24.39
2005,11,21,24.07
2005,11,22,25.42
2005,11,23,25.8
2005,11,24,24.33
2005,11,25,25.01
2005,11,26,24.73
2005,11,27,25.25
2005,11,28,24.23
2005,11,29,24.15
2005,11,30,23.33
2005,12,1,24.26
2005,12,2,24.12
2005,12,3,24.7
2005,12,4,24.4
2005,12,5,23.87
2005,12,6,24.52
2005,12,7,25.05
2005,12,8,24.74
2005,12,9,25.1
2005,12,10,23.04
2005,12,11,23.76
2005,12,12,24.64
2005,12,13,23.69
2005,12,14,22.47
2005,12,15,23.39
2005,12,16,24.29
2005,12,17,23.93
2005,12,18,22.57
2005,12,19,20.22
2005,12,20,22.15
2005,12,21,22.14
2005,12,22,20.23
2005,12,23,21.94
2005,12,24,22.65
2005,12,25,23.77
2005,12,26,24.24
2005,12,27,24.32
2005,12,28,24.18
2005,12,29,24.84
2005,12,30,25.4
2005,12,31,26.19
2006,1,1,25.83
2006,1,2,25.52
2006,1,3,26.27
2006,1,4,26.08
2006,1,5,26.37
2006,1,6,26.12
2006,1,7,25.62
2006,1,8,25.42
2006,1,9,24.74
2006,1,10,24.49
2006,1,11,25.71
2006,1,12,25.69
2006,1,13,25.92
2006,1,14,25.67
2006,1,15,26.25
2006,1,16,26.63
2006,1,17,26.98
2006,1,18,26.16
2006,1,19,26.23
2006,1,20,27.01
2006,1,21,26.55
2006,1,22,25.88
2006,1,23,25.08
2006,1,24,23.83
2006,1,25,24.6
2006,1,26,24.87
2006,1,27,24.92
2006,1,28,25.92
2006,1,29,26.62
2006,1,30,27.84
2006,1,31,27.4
2006,2,1,27.26
2006,2,2,27.19
2006,2,3,27.85
2006,2,4,26.33
2006,2,5,26.75
2006,2,6,26.74
2006,2,7,27.32
2006,2,8,27.4
2006,2,9,26.69
2006,2,10,25.92
2006,2,11,26.44
2006,2,12,27.44
2006,2,13,27.66
2006,2,14,27.67
2006,2,15,27.82
2006,2,16,29.27
2006,2,17,29.4
2006,2,18,28.9
2006,2,19,29.24
2006,2,20,28.42
2006,2,21,29.14
2006,2,22,29.17
2006,2,23,28.95
2006,2,24,29.19
2006,2,25,28.98
2006,2,26,29.34
2006,2,27,29.36
2006,2,28,28.15
2006,3,1,28.18
2006,3,2,28.05
2006,3,3,28.05
2006,3,4,27.4
2006,3,5,27.76
2006,3,6,28.25
2006,3,7,27.91
2006,3,8,29.04
2006,3,9,29.22
2006,3,10,28.54
2006,3,11,27.85
2006,3,12,27.89
2006,3,13,28.58
2006,3,14,25.33
2006,3,15,26.73
2006,3,16,27.12
2006,3,17,28.14
2006,3,18,28.28
2006,3,19,29.21
2006,3,20,29.64
2006,3,21,28.94
2006,3,22,28.92
2006,3,23,29.51
2006,3,24,29.5
2006,3,25,29.84
2006,3,26,29.98
2006,3,27,30.42
2006,3,28,30.12
2006,3,29,29.91
2006,3,30,29.51
2006,3,31,28.21
2006,4,1,27.89
2006,4,2,26.25
2006,4,3,26.81
2006,4,4,29.08
2006,4,5,29.24
2006,4,6,29.95
2006,4,7,28.5
2006,4,8,27.86
2006,4,9,28.76
2006,4,10,26.2
2006,4,11,28.68
2006,4,12,29.18
2006,4,13,29.71
2006,4,14,29.72
2006,4,15,29.84
2006,4,16,29.46
2006,4,17,29.06
2006,4,18,29.46
2006,4,19,29.77
2006,4,20,29.73
2006,4,21,29.3
2006,4,22,28.51
2006,4,23,29.73
2006,4,24,29.14
2006,4,25,29.7
2006,4,26,28.64
2006,4,27,29.39
2006,4,28,27.96
2006,4,29,27.42
2006,4,30,26.8
2006,5,1,27.8
2006,5,2,28.9
2006,5,3,29.63
2006,5,4,30.14
2006,5,5,29.66
2006,5,6,28.61
2006,5,7,27.9
2006,5,8,28.33
2006,5,9,29.56
2006,5,10,29.55
2006,5,11,29.39
2006,5,12,29.85
2006,5,13,26.97
2006,5,14,26.46
2006,5,15,25.9
2006,5,16,26.19
2006,5,17,26.53
2006,5,18,26.14
2006,5,19,25.58
2006,5,20,25.01
2006,5,21,26.35
2006,5,22,25.37
2006,5,23,27.02
2006,5,24,26.44
2006,5,25,26.44
2006,5,26,27.41
2006,5,27,26.24
2006,5,28,26.86
2006,5,29,27.44
2006,5,30,25.17
2006,5,31,25.52
2006,6,1,25.07
2006,6,2,25.3
2006,6,3,25.18
2006,6,4,24.9
2006,6,5,25.15
2006,6,6,25.23
2006,6,7,25.6
2006,6,8,25.78
2006,6,9,26.26
2006,6,10,25.58
2006,6,11,26.12
2006,6,12,24.84
2006,6,13,24.61
2006,6,14,25.01
2006,6,15,25.29
2006,6,16,25.23
2006,6,17,25.37
2006,6,18,24.81
2006,6,19,25.05
2006,6,20,26.14
2006,6,21,25.57
2006,6,22,25.29
2006,6,23,25.69
2006,6,24,25.37
2006,6,25,25.83
2006,6,26,25.44
2006,6,27,24.73
2006,6,28,24.35
2006,6,29,24.15
2006,6,30,24.38
2006,7,1,23.79
2006,7,2,24.13
2006,7,3,24.13
2006,7,4,24.66
2006,7,5,25.1
2006,7,6,25.8
2006,7,7,25.69
2006,7,8,25.44
2006,7,9,25.73
2006,7,10,25.75
2006,7,11,25.82
2006,7,12,25.41
2006,7,13,24.78
2006,7,14,25.43
2006,7,15,24.69
2006,7,16,24.66
2006,7,17,24.1
2006,7,18,24.59
2006,7,19,25.29
2006,7,20,24.41
2006,7,21,24.15
2006,7,22,24.05
2006,7,23,24.15
2006,7,24,24.76
2006,7,25,24.33
2006,7,26,24.34
2006,7,27,25.33
2006,7,28,24.58
2006,7,29,24.57
2006,7,30,24.35
2006,7,31,23.69
2006,8,1,24.05
2006,8,2,24.39
2006,8,3,24.1
2006,8,4,23.73
2006,8,5,24.29
2006,8,6,24.08
2006,8,7,24.3
2006,8,8,24.01
2006,8,9,24.3
2006,8,10,24.03
2006,8,11,24.11
2006,8,12,24.16
2006,8,13,24.46
2006,8,14,24.23
2006,8,15,23.94
2006,8,16,24.44
2006,8,17,25.15
2006,8,18,25.33
2006,8,19,25.38
2006,8,20,25.47
2006,8,21,25.76
2006,8,22,25.48
2006,8,23,24.61
2006,8,24,25.07
2006,8,25,25.37
2006,8,26,25.36
2006,8,27,25.62
2006,8,28,24.5
2006,8,29,24.58
2006,8,30,24.82
2006,8,31,24.9
2006,9,1,24.87
2006,9,2,25.34
2006,9,3,24.81
2006,9,4,25.55
2006,9,5,25.38
2006,9,6,25.94
2006,9,7,25.95
2006,9,8,25.12
2006,9,9,25.53
2006,9,10,25.73
2006,9,11,24.89
2006,9,12,23.98
2006,9,13,23.78
2006,9,14,24.6
2006,9,15,24.29
2006,9,16,24.65
2006,9,17,25.01
2006,9,18,24.12
2006,9,19,24.57
2006,9,20,24.07
2006,9,21,24.51
2006,9,22,23.61
2006,9,23,24.07
2006,9,24,24.3
2006,9,25,24.45
2006,9,26,24.19
2006,9,27,24
2006,9,28,23.59
2006,9,29,24.2
2006,9,30,23.91
2006,10,1,24.89
2006,10,2,24.34
2006,10,3,24.45
2006,10,4,24.61
2006,10,5,24.68
2006,10,6,24.01
2006,10,7,23.87
2006,10,8,25.01
2006,10,9,24.05
2006,10,10,23.58
2006,10,11,23.98
2006,10,12,24.76
2006,10,13,25.12
2006,10,14,24.99
2006,10,15,23.92
2006,10,16,25.2
2006,10,17,24.86
2006,10,18,25.52
2006,10,19,25.74
2006,10,20,25.26
2006,10,21,25.08
2006,10,22,25.18
2006,10,23,25.05
2006,10,24,25.58
2006,10,25,25.4
2006,10,26,25.12
2006,10,27,25.46
2006,10,28,25.71
2006,10,29,26.23
2006,10,30,25.68
2006,10,31,24.54
2006,11,1,24.6
2006,11,2,24.07
2006,11,3,24.83
2006,11,4,25.46
2006,11,5,26.01
2006,11,6,25.76
2006,11,7,24.94
2006,11,8,24.11
2006,11,9,24.63
2006,11,10,24.67
2006,11,11,25.63
2006,11,12,24.75
2006,11,13,24.64
2006,11,14,25.64
2006,11,15,25.6
2006,11,16,26.3
2006,11,17,25.77
2006,11,18,25.85
2006,11,19,26.36
2006,11,20,26.41
2006,11,21,26
2006,11,22,26.45
2006,11,23,26.79
2006,11,24,26.91
2006,11,25,27.23
2006,11,26,27.03
2006,11,27,27.02
2006,11,28,26.83
2006,11,29,27.2
2006,11,30,25.89
2006,12,1,26.77
2006,12,2,26.26
2006,12,3,26.8
2006,12,4,26.21
2006,12,5,24.61
2006,12,6,24.96
2006,12,7,25.23
2006,12,8,25.29
2006,12,9,25.31
2006,12,10,25.44
2006,12,11,25.6
2006,12,12,24.83
2006,12,13,25.2
2006,12,14,25.57
2006,12,15,26.13
2006,12,16,26.51
2006,12,17,25.94
2006,12,18,25.11
2006,12,19,26.44
2006,12,20,26.44
2006,12,21,24.7
2006,12,22,23.73
2006,12,23,24.05
2006,12,24,25.33
2006,12,25,25.53
2006,12,26,26.4
2006,12,27,26.73
2006,12,28,25.95
2006,12,29,25.58
2006,12,30,26.57
2006,12,31,26.39
2007,1,1,25.92
2007,1,2,26.4
2007,1,3,27.27
2007,1,4,27.37
2007,1,5,26.97
2007,1,6,26.56
2007,1,7,25.74
2007,1,8,25.61
2007,1,9,26.11
2007,1,10,26.6
2007,1,11,26.99
2007,1,12,27.94
2007,1,13,27.17
2007,1,14,26.98
2007,1,15,27.98
2007,1,16,28.19
2007,1,17,27.92
2007,1,18,26.99
2007,1,19,28.34
2007,1,20,28.81
2007,1,21,28.33
2007,1,22,27.96
2007,1,23,27.85
2007,1,24,27.48
2007,1,25,26.65
2007,1,26,26.44
2007,1,27,25.49
2007,1,28,23.12
2007,1,29,22.8
2007,1,30,22.35
2007,1,31,22.88
2007,2,1,23.19
2007,2,2,23.62
2007,2,3,24.07
2007,2,4,24.98
2007,2,5,25.3
2007,2,6,25.83
2007,2,7,26.28
2007,2,8,27.29
2007,2,9,27.26
2007,2,10,28.25
2007,2,11,29.36
2007,2,12,28.46
2007,2,13,27.88
2007,2,14,27.59
2007,2,15,26.61
2007,2,16,27.01
2007,2,17,27.15
2007,2,18,27.69
2007,2,19,27.73
2007,2,20,28.22
2007,2,21,28.12
2007,2,22,28.48
2007,2,23,28.58
2007,2,24,28.87
2007,2,25,27.93
2007,2,26,28.09
2007,2,27,27.9
2007,2,28,28.42
2007,3,1,27.83
2007,3,2,28.13
2007,3,3,28.26
2007,3,4,28.16
2007,3,5,27.87
2007,3,6,27.8
2007,3,7,28.02
2007,3,8,27.27
2007,3,9,28.95
2007,3,10,29.75
2007,3,11,29.83
2007,3,12,30.6
2007,3,13,28.93
2007,3,14,28.34
2007,3,15,28.23
2007,3,16,28.36
2007,3,17,28.01
2007,3,18,27.55
2007,3,19,28.17
2007,3,20,25.87
2007,3,21,26.44
2007,3,22,27.62
2007,3,23,27.44
2007,3,24,26.35
2007,3,25,26.66
2007,3,26,27.98
2007,3,27,28.95
2007,3,28,29.8
2007,3,29,29.76
2007,3,30,29.04
2007,3,31,29.44
2007,4,1,29.8
2007,4,2,30.18
2007,4,3,30.19
2007,4,4,29.09
2007,4,5,29.92
2007,4,6,30.09
2007,4,7,29.89
2007,4,8,30.04
2007,4,9,30.21
2007,4,10,30.19
2007,4,11,30.05
2007,4,12,31.3
2007,4,13,30.89
2007,4,14,29.21
2007,4,15,30.24
2007,4,16,27.23
2007,4,17,30.68
2007,4,18,29.73
2007,4,19,29.26
2007,4,20,30.4
2007,4,21,30.04
2007,4,22,30.47
2007,4,23,31.19
2007,4,24,30.27
2007,4,25,30.79
2007,4,26,31.51
2007,4,27,29.33
2007,4,28,28.42
2007,4,29,27.91
2007,4,30,27.73
2007,5,1,28.97
2007,5,2,29.85
2007,5,3,29.8
2007,5,4,29.41
2007,5,5,29.19
2007,5,6,29.01
2007,5,7,26.4
2007,5,8,26.38
2007,5,9,25.89
2007,5,10,24.99
2007,5,11,25.21
2007,5,12,25.08
2007,5,13,24.68
2007,5,14,24.25
2007,5,15,24.77
2007,5,16,25.63
2007,5,17,25.81
2007,5,18,25.05
2007,5,19,25.68
2007,5,20,26.13
2007,5,21,25.9
2007,5,22,25.9
2007,5,23,26.19
2007,5,24,26.73
2007,5,25,26.19
2007,5,26,26.21
2007,5,27,25.85
2007,5,28,25.21
2007,5,29,25.69
2007,5,30,26.1
2007,5,31,25.66
2007,6,1,25.8
2007,6,2,25.8
2007,6,3,25.25
2007,6,4,26.12
2007,6,5,26.23
2007,6,6,26.4
2007,6,7,25.96
2007,6,8,26.73
2007,6,9,26.78
2007,6,10,26.8
2007,6,11,26.97
2007,6,12,25.83
2007,6,13,26.79
2007,6,14,27.53
2007,6,15,26.52
2007,6,16,26.36
2007,6,17,27.38
2007,6,18,27.3
2007,6,19,26.47
2007,6,20,25.28
2007,6,21,26.48
2007,6,22,25.58
2007,6,23,25.17
2007,6,24,25.42
2007,6,25,25.15
2007,6,26,24.98
2007,6,27,25.39
2007,6,28,24.3
2007,6,29,24.78
2007,6,30,24.1
2007,7,1,23.68
2007,7,2,24.13
2007,7,3,24.34
2007,7,4,24.58
2007,7,5,23.83
2007,7,6,24.88
2007,7,7,24.24
2007,7,8,23.55
2007,7,9,24.58
2007,7,10,24.8
2007,7,11,24.55
2007,7,12,24.53
2007,7,13,24.88
2007,7,14,24.76
2007,7,15,24.83
2007,7,16,24.75
2007,7,17,25.72
2007,7,18,25.58
2007,7,19,25.37
2007,7,20,25.77
2007,7,21,26.01
2007,7,22,26.29
2007,7,23,25.85
2007,7,24,25.9
2007,7,25,26.23
2007,7,26,25.51
2007,7,27,25.69
2007,7,28,24.73
2007,7,29,24.88
2007,7,30,24.77
2007,7,31,23.86
2007,8,1,24.22
2007,8,2,23.02
2007,8,3,22.74
2007,8,4,23.08
2007,8,5,23.31
2007,8,6,24.48
2007,8,7,24.7
2007,8,8,25.08
2007,8,9,24.47
2007,8,10,24.14
2007,8,11,25.11
2007,8,12,25.32
2007,8,13,25.43
2007,8,14,25.63
2007,8,15,25.32
2007,8,16,25.06
2007,8,17,24.76
2007,8,18,24.88
2007,8,19,24.98
2007,8,20,24.73
2007,8,21,24.98
2007,8,22,24.69
2007,8,23,24.84
2007,8,24,25.31
2007,8,25,24.77
2007,8,26,25.76
2007,8,27,25.58
2007,8,28,24.58
2007,8,29,24.87
2007,8,30,24.83
2007,8,31,24.89
2007,9,1,25.26
2007,9,2,24.74
2007,9,3,25.17
2007,9,4,25.13
2007,9,5,25.49
2007,9,6,25.87
2007,9,7,25.17
2007,9,8,25.86
2007,9,9,25.65
2007,9,10,25.61
2007,9,11,25.26
2007,9,12,24.58
2007,9,13,24.54
2007,9,14,24.48
2007,9,15,25.27
2007,9,16,25.37
2007,9,17,24.58
2007,9,18,23.97
2007,9,19,24.51
2007,9,20,23.19
2007,9,21,24.59
2007,9,22,24.35
2007,9,23,24.6
2007,9,24,24.56
2007,9,25,24.68
2007,9,26,25.23
2007,9,27,24.56
2007,9,28,23.35
2007,9,29,23.51
2007,9,30,23.52
2007,10,1,24.27
2007,10,2,24.14
2007,10,3,24.28
2007,10,4,24.6
2007,10,5,24.69
2007,10,6,24.69
2007,10,7,24.68
2007,10,8,24.98
2007,10,9,25.14
2007,10,10,23.69
2007,10,11,24.34
2007,10,12,24.94
2007,10,13,25.08
2007,10,14,25.4
2007,10,15,25.15
2007,10,16,24.73
2007,10,17,24.69
2007,10,18,25.43
2007,10,19,24.98
2007,10,20,24.63
2007,10,21,24.9
2007,10,22,24.7
2007,10,23,24.04
2007,10,24,25.05
2007,10,25,24.19
2007,10,26,23.9
2007,10,27,24.36
2007,10,28,25.1
2007,10,29,24
2007,10,30,22.99
2007,10,31,23.98
2007,11,1,23.87
2007,11,2,24.32
2007,11,3,23.72
2007,11,4,23.65
2007,11,5,24.13
2007,11,6,23.77
2007,11,7,23.48
2007,11,8,23.15
2007,11,9,23.25
2007,11,10,23.55
2007,11,11,24.14
2007,11,12,24.37
2007,11,13,24.19
2007,11,14,24.51
2007,11,15,24.02
2007,11,16,23.99
2007,11,17,24.51
2007,11,18,24.33
2007,11,19,22.59
2007,11,20,23.87
2007,11,21,23.94
2007,11,22,22.23
2007,11,23,21.84
2007,11,24,22.41
2007,11,25,23.6
2007,11,26,23.62
2007,11,27,22.26
2007,11,28,21.62
2007,11,29,20.26
2007,11,30,19.58
2007,12,1,20.94
2007,12,2,21.51
2007,12,3,21.53
2007,12,4,22.62
2007,12,5,24.21
2007,12,6,25.08
2007,12,7,24.96
2007,12,8,24.69
2007,12,9,24.71
2007,12,10,24.94
2007,12,11,24.44
2007,12,12,25.15
2007,12,13,25.53
2007,12,14,26.18
2007,12,15,25.22
2007,12,16,26.15
2007,12,17,26.35
2007,12,18,26.26
2007,12,19,25.77
2007,12,20,24.19
2007,12,21,24.05
2007,12,22,25.11
2007,12,23,25.04
2007,12,24,24.91
2007,12,25,23.9
2007,12,26,24.14
2007,12,27,23.84
2007,12,28,22.94
2007,12,29,22.48
2007,12,30,22.72
2007,12,31,23.21
2008,1,1,23.08
2008,1,2,22.3
2008,1,3,23.94
2008,1,4,24.49
2008,1,5,23.01
2008,1,6,23.31
2008,1,7,23.8
2008,1,8,24.78
2008,1,9,24.53
2008,1,10,24.78
2008,1,11,25.17
2008,1,12,25.03
2008,1,13,25.52
2008,1,14,24.9
2008,1,15,24.3
2008,1,16,23.9
2008,1,17,23.77
2008,1,18,25.3
2008,1,19,25.14
2008,1,20,25.16
2008,1,21,25.08
2008,1,22,24.8
2008,1,23,25.56
2008,1,24,24.44
2008,1,25,25.8
2008,1,26,27.07
2008,1,27,27.16
2008,1,28,26.02
2008,1,29,25.91
2008,1,30,27.09
2008,1,31,27.19
2008,2,1,27.26
2008,2,2,27.31
2008,2,3,27.12
2008,2,4,26.8
2008,2,5,26.56
2008,2,6,27.15
2008,2,7,26.7
2008,2,8,26.03
2008,2,9,25.01
2008,2,10,24.72
2008,2,11,25.4
2008,2,12,25.03
2008,2,13,25.15
2008,2,14,25.26
2008,2,15,25.37
2008,2,16,25.73
2008,2,17,26.05
2008,2,18,24.88
2008,2,19,24.98
2008,2,20,24.69
2008,2,21,23.95
2008,2,22,23.18
2008,2,23,25.84
2008,2,24,26.69
2008,2,25,27.58
2008,2,26,28.26
2008,2,27,28.08
2008,2,28,27.5
2008,2,29,26.55
2008,3,1,27.38
2008,3,2,27.52
2008,3,3,26.65
2008,3,4,26.33
2008,3,5,27.14
2008,3,6,27.63
2008,3,7,26.9
2008,3,8,25.5
2008,3,9,27.34
2008,3,10,28.25
2008,3,11,27.99
2008,3,12,28.16
2008,3,13,29.08
2008,3,14,28.14
2008,3,15,28.76
2008,3,16,28.03
2008,3,17,27.59
2008,3,18,28.06
2008,3,19,27.72
2008,3,20,27.08
2008,3,21,27.51
2008,3,22,28.48
2008,3,23,26.9
2008,3,24,28.64
2008,3,25,29.12
2008,3,26,28.61
2008,3,27,27.29
2008,3,28,28.58
2008,3,29,27.97
2008,3,30,28.44
2008,3,31,28.24
2008,4,1,28
2008,4,2,28.86
2008,4,3,29.24
2008,4,4,29.66
2008,4,5,28.12
2008,4,6,27.82
2008,4,7,29.07
2008,4,8,29.83
2008,4,9,28.95
2008,4,10,29.15
2008,4,11,29.42
2008,4,12,30.1
2008,4,13,29.87
2008,4,14,30.16
2008,4,15,29.62
2008,4,16,29.08
2008,4,17,27.61
2008,4,18,25.24
2008,4,19,27.98
2008,4,20,29.39
2008,4,21,29.34
2008,4,22,29.34
2008,4,23,29.62
2008,4,24,30.11
2008,4,25,30.22
2008,4,26,28.74
2008,4,27,28.78
2008,4,28,26.98
2008,4,29,28.01
2008,4,30,27.13
2008,5,1,26.61
2008,5,2,27.08
2008,5,3,25.83
2008,5,4,26.86
2008,5,5,25.08
2008,5,6,25.05
2008,5,7,24.15
2008,5,8,24.62
2008,5,9,25.35
2008,5,10,25.86
2008,5,11,24.47
2008,5,12,24.47
2008,5,13,23.63
2008,5,14,23.7
2008,5,15,24.8
2008,5,16,23.62
2008,5,17,25.4
2008,5,18,24.62
2008,5,19,25.02
2008,5,20,25.09
2008,5,21,25.05
2008,5,22,25.37
2008,5,23,24.75
2008,5,24,24.91
2008,5,25,25.38
2008,5,26,25.79
2008,5,27,25.66
2008,5,28,26.32
2008,5,29,25.8
2008,5,30,26.12
2008,5,31,25.87
2008,6,1,25.8
2008,6,2,24.74
2008,6,3,25.96
2008,6,4,26.34
2008,6,5,27.23
2008,6,6,27.26
2008,6,7,28.05
2008,6,8,27.9
2008,6,9,25.39
2008,6,10,25.01
2008,6,11,24.49
2008,6,12,24.23
2008,6,13,24.24
2008,6,14,24.93
2008,6,15,25.04
2008,6,16,25.49
2008,6,17,24.96
2008,6,18,24.51
2008,6,19,24.8
2008,6,20,26.03
2008,6,21,25.98
2008,6,22,26.12
2008,6,23,25.87
2008,6,24,24.56
2008,6,25,24.66
2008,6,26,24.97
2008,6,27,24.94
2008,6,28,25.07
2008,6,29,25.07
2008,6,30,24.99
2008,7,1,23.86
2008,7,2,24.16
2008,7,3,25.06
2008,7,4,24.46
2008,7,5,24.5
2008,7,6,23.85
2008,7,7,25.05
2008,7,8,24.81
2008,7,9,24.83
2008,7,10,25.02
2008,7,11,25.12
2008,7,12,25.69
2008,7,13,25.56
2008,7,14,25.52
2008,7,15,26.04
2008,7,16,26.15
2008,7,17,26.01
2008,7,18,25.83
2008,7,19,25.39
2008,7,20,26.12
2008,7,21,26.92
2008,7,22,24.75
2008,7,23,24.66
2008,7,24,24.61
2008,7,25,24.44
2008,7,26,24.51
2008,7,27,23.41
2008,7,28,23.69
2008,7,29,24.31
2008,7,30,24.23
2008,7,31,24.26
2008,8,1,24.07
2008,8,2,23.92
2008,8,3,23.94
2008,8,4,23.75
2008,8,5,24.27
2008,8,6,24.18
2008,8,7,23.62
2008,8,8,24.3
2008,8,9,24.84
2008,8,10,25.15
2008,8,11,24.66
2008,8,12,23.75
2008,8,13,24.33
2008,8,14,24.13
2008,8,15,24.07
2008,8,16,24.66
2008,8,17,24.28
2008,8,18,24.24
2008,8,19,24.94
2008,8,20,24.58
2008,8,21,25.17
2008,8,22,24.8
2008,8,23,24.94
2008,8,24,25.05
2008,8,25,25.8
2008,8,26,25.89
2008,8,27,25.58
2008,8,28,25.44
2008,8,29,25.9
2008,8,30,26.11
2008,8,31,25.74
2008,9,1,26.03
2008,9,2,26.43
2008,9,3,25.76
2008,9,4,26.12
2008,9,5,25.96
2008,9,6,25.64
2008,9,7,25.12
2008,9,8,24.58
2008,9,9,24.26
2008,9,10,24.37
2008,9,11,24.38
2008,9,12,24.86
2008,9,13,24.58
2008,9,14,24.83
2008,9,15,24.81
2008,9,16,23.75
2008,9,17,23.84
2008,9,18,24.7
2008,9,19,24.46
2008,9,20,24.59
2008,9,21,23.43
2008,9,22,24.33
2008,9,23,24.94
2008,9,24,24.83
2008,9,25,24.82
2008,9,26,24.57
2008,9,27,24.07
2008,9,28,23.68
2008,9,29,24.62
2008,9,30,23.9
2008,10,1,25.16
2008,10,2,24.76
2008,10,3,25.26
2008,10,4,25
2008,10,5,25.35
2008,10,6,25.71
2008,10,7,25.19
2008,10,8,25.2
2008,10,9,25.79
2008,10,10,26.04
2008,10,11,25.54
2008,10,12,25.25
2008,10,13,24.99
2008,10,14,25.88
2008,10,15,26.67
2008,10,16,26.29
2008,10,17,24.8
2008,10,18,25.98
2008,10,19,26.35
2008,10,20,26.45
2008,10,21,25.67
2008,10,22,25.93
2008,10,23,26.08
2008,10,24,23.94
2008,10,25,23.53
2008,10,26,24.85
2008,10,27,24.31
2008,10,28,23.68
2008,10,29,23.01
2008,10,30,23.94
2008,10,31,24.49
2008,11,1,24.78
2008,11,2,24.55
2008,11,3,24.6
2008,11,4,24.48
2008,11,5,24.35
2008,11,6,24.35
2008,11,7,24.72
2008,11,8,25.44
2008,11,9,25.26
2008,11,10,25.78
2008,11,11,24.59
2008,11,12,23.51
2008,11,13,23.88
2008,11,14,22.49
2008,11,15,24.97
2008,11,16,25.41
2008,11,17,24.62
2008,11,18,25.44
2008,11,19,25.01
2008,11,20,25.51
2008,11,21,25.07
2008,11,22,24.08
2008,11,23,24.03
2008,11,24,24.77
2008,11,25,24.53
2008,11,26,24.85
2008,11,27,24.1
2008,11,28,21.62
2008,11,29,22.78
2008,11,30,22.24
2008,12,1,22.92
2008,12,2,23.52
2008,12,3,23.85
2008,12,4,25
2008,12,5,24.57
2008,12,6,24.23
2008,12,7,24.34
2008,12,8,23.72
2008,12,9,23.55
2008,12,10,23.26
2008,12,11,24.16
2008,12,12,24.9
2008,12,13,25.74
2008,12,14,24.82
2008,12,15,24.7
2008,12,16,23.01
2008,12,17,23.99
2008,12,18,24.01
2008,12,19,23.66
2008,12,20,23.67
2008,12,21,24.64
2008,12,22,25.78
2008,12,23,25.73
2008,12,24,25.53
2008,12,25,24.48
2008,12,26,24.62
2008,12,27,22.82
2008,12,28,24.04
2008,12,29,23.82
2008,12,30,23.21
2008,12,31,22.93
2009,1,1,23.38
2009,1,2,23.47
2009,1,3,23.19
2009,1,4,24.4
2009,1,5,24.56
2009,1,6,24.57
2009,1,7,25.26
2009,1,8,23.35
2009,1,9,21.51
2009,1,10,21.42
2009,1,11,21.3
2009,1,12,22.01
2009,1,13,22.06
2009,1,14,21.64
2009,1,15,22.09
2009,1,16,23.14
2009,1,17,23.4
2009,1,18,23.74
2009,1,19,23.19
2009,1,20,24.41
2009,1,21,25.25
2009,1,22,24.95
2009,1,23,26.08
2009,1,24,25.46
2009,1,25,25.66
2009,1,26,25.69
2009,1,27,25.08
2009,1,28,24.67
2009,1,29,25.3
2009,1,30,25.4
2009,1,31,25.43
2009,2,1,25.08
2009,2,2,25.02
2009,2,3,25.44
2009,2,4,25.58
2009,2,5,25.69
2009,2,6,25.99
2009,2,7,25.3
2009,2,8,25.62
2009,2,9,26.51
2009,2,10,26.01
2009,2,11,26.22
2009,2,12,26.31
2009,2,13,26.26
2009,2,14,26.1
2009,2,15,26.83
2009,2,16,27.68
2009,2,17,28.61
2009,2,18,28.76
2009,2,19,29.42
2009,2,20,29.63
2009,2,21,30.05
2009,2,22,29.33
2009,2,23,28.96
2009,2,24,28.34
2009,2,25,28.89
2009,2,26,29.15
2009,2,27,28.38
2009,2,28,26.9
2009,3,1,28.3
2009,3,2,27.9
2009,3,3,29.03
2009,3,4,28.37
2009,3,5,27.87
2009,3,6,28.76
2009,3,7,27.81
2009,3,8,28.76
2009,3,9,29.23
2009,3,10,29.42
2009,3,11,29.18
2009,3,12,28.98
2009,3,13,27.57
2009,3,14,27.93
2009,3,15,27.94
2009,3,16,28.15
2009,3,17,28.08
2009,3,18,28.82
2009,3,19,28.66
2009,3,20,29.28
2009,3,21,28.29
2009,3,22,27.99
2009,3,23,28.83
2009,3,24,29
2009,3,25,29.33
2009,3,26,29.12
2009,3,27,29.33
2009,3,28,29.9
2009,3,29,29.87
2009,3,30,29.93
2009,3,31,29.16
2009,4,1,26.87
2009,4,2,26.46
2009,4,3,28.08
2009,4,4,29.22
2009,4,5,27.87
2009,4,6,26.76
2009,4,7,25.82
2009,4,8,27.44
2009,4,9,28.54
2009,4,10,30.12
2009,4,11,29.92
2009,4,12,28.49
2009,4,13,26.8
2009,4,14,28.65
2009,4,15,28.08
2009,4,16,27.73
2009,4,17,29
2009,4,18,28.61
2009,4,19,28.12
2009,4,20,27.9
2009,4,21,25.87
2009,4,22,25.83
2009,4,23,25.8
2009,4,24,27.07
2009,4,25,26.09
2009,4,26,26.41
2009,4,27,25.99
2009,4,28,25.12
2009,4,29,24.51
2009,4,30,24.8
2009,5,1,24.62
2009,5,2,24.64
2009,5,3,25.53
2009,5,4,24.7
2009,5,5,23.65
2009,5,6,25.01
2009,5,7,24.65
2009,5,8,25.48
2009,5,9,24.8
2009,5,10,25.69
2009,5,11,25.34
2009,5,12,25.55
2009,5,13,26.94
2009,5,14,26.42
2009,5,15,27.62
2009,5,16,26.67
2009,5,17,26.23
2009,5,18,27.08
2009,5,19,26.26
2009,5,20,25.97
2009,5,21,25.84
2009,5,22,25.61
2009,5,23,24.9
2009,5,24,24.88
2009,5,25,24.26
2009,5,26,24.73
2009,5,27,24.65
2009,5,28,25.18
2009,5,29,25.2
2009,5,30,24.8
2009,5,31,24.55
2009,6,1,25.49
2009,6,2,24.8
2009,6,3,24.51
2009,6,4,24.42
2009,6,5,25.32
2009,6,6,25.68
2009,6,7,26.11
2009,6,8,26.37
2009,6,9,25.75
2009,6,10,24.9
2009,6,11,25.67
2009,6,12,25.63
2009,6,13,26.69
2009,6,14,26.45
2009,6,15,25.68
2009,6,16,25.14
2009,6,17,24.57
2009,6,18,24.98
2009,6,19,25.74
2009,6,20,25.63
2009,6,21,25.73
2009,6,22,25.35
2009,6,23,26.15
2009,6,24,26.2
2009,6,25,25.39
2009,6,26,26.33
2009,6,27,25.8
2009,6,28,25.9
2009,6,29,26
2009,6,30,25.69
2009,7,1,25.27
2009,7,2,25.8
2009,7,3,25.2
2009,7,4,25.09
2009,7,5,24.64
2009,7,6,26.21
2009,7,7,26.39
2009,7,8,27.08
2009,7,9,26.21
2009,7,10,26.67
2009,7,11,26.5
2009,7,12,25.66
2009,7,13,24.65
2009,7,14,24.48
2009,7,15,23.47
2009,7,16,23.94
2009,7,17,24.41
2009,7,18,24.8
2009,7,19,25.54
2009,7,20,24.27
2009,7,21,24.4
2009,7,22,23.7
2009,7,23,24.6
2009,7,24,25.1
2009,7,25,25.84
2009,7,26,25.69
2009,7,27,24.87
2009,7,28,24.38
2009,7,29,25.05
2009,7,30,24.7
2009,7,31,23.96
2009,8,1,23.95
2009,8,2,24.78
2009,8,3,24.74
2009,8,4,25.56
2009,8,5,26.09
2009,8,6,26.12
2009,8,7,25.96
2009,8,8,25.74
2009,8,9,25.53
2009,8,10,25.14
2009,8,11,26.03
2009,8,12,25.88
2009,8,13,26.19
2009,8,14,26.87
2009,8,15,27.04
2009,8,16,26.67
2009,8,17,27.37
2009,8,18,27.38
2009,8,19,26.85
2009,8,20,25.75
2009,8,21,26.79
2009,8,22,26.76
2009,8,23,26.67
2009,8,24,25.88
2009,8,25,24.97
2009,8,26,24.9
2009,8,27,25.47
2009,8,28,24.99
2009,8,29,25.18
2009,8,30,24.92
2009,8,31,24.73
2009,9,1,25.23
2009,9,2,24.56
2009,9,3,24.44
2009,9,4,24.44
2009,9,5,24.58
2009,9,6,24.5
2009,9,7,23.79
2009,9,8,23.62
2009,9,9,24.01
2009,9,10,24.05
2009,9,11,24.89
2009,9,12,25.45
2009,9,13,25.19
2009,9,14,24.89
2009,9,15,25.01
2009,9,16,24.94
2009,9,17,25.98
2009,9,18,26.41
2009,9,19,26.09
2009,9,20,25
2009,9,21,24.78
2009,9,22,24.19
2009,9,23,23.74
2009,9,24,24.52
2009,9,25,24.33
2009,9,26,24.45
2009,9,27,23.54
2009,9,28,23.78
2009,9,29,24.25
2009,9,30,24.3
2009,10,1,24.85
2009,10,2,24.94
2009,10,3,25.19
2009,10,4,25.75
2009,10,5,25.8
2009,10,6,24.26
2009,10,7,24.12
2009,10,8,24.49
2009,10,9,24.23
2009,10,10,24.33
2009,10,11,23.48
2009,10,12,24.74
2009,10,13,25.23
2009,10,14,24.87
2009,10,15,25
2009,10,16,24.91
2009,10,17,23.71
2009,10,18,23.74
2009,10,19,24.37
2009,10,20,24.74
2009,10,21,24.8
2009,10,22,24.54
2009,10,23,24.15
2009,10,24,24.05
2009,10,25,24.1
2009,10,26,24.47
2009,10,27,24.74
2009,10,28,23.47
2009,10,29,24.23
2009,10,30,24.15
2009,10,31,24.78
2009,11,1,25.76
2009,11,2,24.75
2009,11,3,24.77
2009,11,4,24.86
2009,11,5,25.98
2009,11,6,24.55
2009,11,7,25.51
2009,11,8,26.44
2009,11,9,25.93
2009,11,10,26.16
2009,11,11,26.09
2009,11,12,26.33
2009,11,13,25.66
2009,11,14,25.6
2009,11,15,25.55
2009,11,16,26.55
2009,11,17,26.3
2009,11,18,25.16
2009,11,19,25.89
2009,11,20,26.39
2009,11,21,25.59
2009,11,22,24.15
2009,11,23,25.12
2009,11,24,25.62
2009,11,25,24.93
2009,11,26,25.64
2009,11,27,25.54
2009,11,28,25.33
2009,11,29,24.18
2009,11,30,23.47
2009,12,1,23.04
2009,12,2,24.67
2009,12,3,24.29
2009,12,4,23.33
2009,12,5,23.94
2009,12,6,24.26
2009,12,7,24.67
2009,12,8,24.72
2009,12,9,24.6
2009,12,10,23.84
2009,12,11,24.11
2009,12,12,26.08
2009,12,13,27
2009,12,14,26.94
2009,12,15,26.16
2009,12,16,25.82
2009,12,17,25.83
2009,12,18,26.44
2009,12,19,25.74
2009,12,20,25.59
2009,12,21,25.42
2009,12,22,24.75
2009,12,23,25.98
2009,12,24,27.08
2009,12,25,27.14
2009,12,26,27.08
2009,12,27,27.2
2009,12,28,26.34
2009,12,29,25.9
2009,12,30,26.33
2009,12,31,26.26
2010,1,1,26.65
2010,1,2,27.47
2010,1,3,27.8
2010,1,4,27.04
2010,1,5,26.72
2010,1,6,27.34
2010,1,7,27.42
2010,1,8,26.44
2010,1,9,26.51
2010,1,10,26.78
2010,1,11,26.19
2010,1,12,26.3
2010,1,13,25.26
2010,1,14,25.06
2010,1,15,24.98
2010,1,16,25.37
2010,1,17,24.81
2010,1,18,24.43
2010,1,19,22.35
2010,1,20,23.58
2010,1,21,23.9
2010,1,22,24.4
2010,1,23,24.58
2010,1,24,23.78
2010,1,25,25.15
2010,1,26,25.07
2010,1,27,24.3
2010,1,28,25.22
2010,1,29,26.44
2010,1,30,26.15
2010,1,31,26.12
2010,2,1,26.28
2010,2,2,27.06
2010,2,3,27.19
2010,2,4,26.77
2010,2,5,26.95
2010,2,6,26.9
2010,2,7,27.15
2010,2,8,27.07
2010,2,9,27.18
2010,2,10,27.03
2010,2,11,26.87
2010,2,12,27.14
2010,2,13,27.2
2010,2,14,27.43
2010,2,15,27.15
2010,2,16,27.45
2010,2,17,28.31
2010,2,18,28.67
2010,2,19,28.8
2010,2,20,29
2010,2,21,27.79
2010,2,22,28.05
2010,2,23,27.73
2010,2,24,27.41
2010,2,25,27.8
2010,2,26,28.37
2010,2,27,28.38
2010,2,28,28.36
2010,3,1,28.48
2010,3,2,28.86
2010,3,3,28.93
2010,3,4,28.54
2010,3,5,27.79
2010,3,6,28.62
2010,3,7,28.76
2010,3,8,28.53
2010,3,9,29.13
2010,3,10,28.6
2010,3,11,28.53
2010,3,12,28.81
2010,3,13,29.16
2010,3,14,29.37
2010,3,15,29.48
2010,3,16,29.26
2010,3,17,29.56
2010,3,18,29.76
2010,3,19,28.56
2010,3,20,29.64
2010,3,21,29.38
2010,3,22,29.73
2010,3,23,29.94
2010,3,24,29.68
2010,3,25,29.58
2010,3,26,26.93
2010,3,27,28.85
2010,3,28,28.96
2010,3,29,28.96
2010,3,30,30.01
2010,3,31,29.73
2010,4,1,29.63
2010,4,2,30.07
2010,4,3,30.76
2010,4,4,30.2
2010,4,5,30.15
2010,4,6,30.3
2010,4,7,30.4
2010,4,8,29.73
2010,4,9,29.47
2010,4,10,30.18
2010,4,11,29.8
2010,4,12,29.38
2010,4,13,30.83
2010,4,14,29.99
2010,4,15,31.45
2010,4,16,29.6
2010,4,17,29.11
2010,4,18,30.09
2010,4,19,29.02
2010,4,20,29.25
2010,4,21,29.56
2010,4,22,29.77
2010,4,23,30.88
2010,4,24,31.07
2010,4,25,30.47
2010,4,26,30.95
2010,4,27,30.59
2010,4,28,28.48
2010,4,29,28.67
2010,4,30,30.11
2010,5,1,30.69
2010,5,2,29.99
2010,5,3,29.23
2010,5,4,30
2010,5,5,29.25
2010,5,6,31.55
2010,5,7,31.23
2010,5,8,31.5
2010,5,9,30.65
2010,5,10,30.9
2010,5,11,31.46
2010,5,12,31.91
2010,5,13,31.76
2010,5,14,30.73
2010,5,15,31.01
2010,5,16,31.73
2010,5,17,32.07
2010,5,18,31.47
2010,5,19,31.44
2010,5,20,30.42
2010,5,21,30.93
2010,5,22,27.27
2010,5,23,29.4
2010,5,24,30.24
2010,5,25,26.91
2010,5,26,27.14
2010,5,27,27.44
2010,5,28,27.44
2010,5,29,28.7
2010,5,30,27.8
2010,5,31,27.83
2010,6,1,29.44
2010,6,2,29.08
2010,6,3,28.66
2010,6,4,30.07
2010,6,5,28.65
2010,6,6,26.9
2010,6,7,27.76
2010,6,8,26.73
2010,6,9,27.3
2010,6,10,27.62
2010,6,11,27.8
2010,6,12,28.92
2010,6,13,27.71
2010,6,14,27.55
2010,6,15,26.23
2010,6,16,27.58
2010,6,17,27.09
2010,6,18,26.22
2010,6,19,26.44
2010,6,20,26.58
2010,6,21,25.15
2010,6,22,24.83
2010,6,23,25.46
2010,6,24,26.65
2010,6,25,25.12
2010,6,26,25.58
2010,6,27,25.77
2010,6,28,25.9
2010,6,29,26.73
2010,6,30,25.88
2010,7,1,25.02
2010,7,2,26.57
2010,7,3,27.1
2010,7,4,26.15
2010,7,5,25.94
2010,7,6,26.34
2010,7,7,27.11
2010,7,8,27.49
2010,7,9,26.51
2010,7,10,26.64
2010,7,11,27.08
2010,7,12,24.54
2010,7,13,25.52
2010,7,14,26.65
2010,7,15,26.12
2010,7,16,26.55
2010,7,17,26.86
2010,7,18,26.12
2010,7,19,27.13
2010,7,20,25.65
2010,7,21,26.05
2010,7,22,26.84
2010,7,23,25.9
2010,7,24,25.36
2010,7,25,23.97
2010,7,26,24.6
2010,7,27,25.93
2010,7,28,24.32
2010,7,29,25.35
2010,7,30,25.51
2010,7,31,24.87
2010,8,1,24.85
2010,8,2,25.33
2010,8,3,25.92
2010,8,4,26.15
2010,8,5,26.74
2010,8,6,25.72
2010,8,7,25.23
2010,8,8,24.65
2010,8,9,24.44
2010,8,10,24.59
2010,8,11,24.97
2010,8,12,26.01
2010,8,13,25.61
2010,8,14,25.01
2010,8,15,25.67
2010,8,16,26.66
2010,8,17,27.15
2010,8,18,27.51
2010,8,19,26.38
2010,8,20,25.35
2010,8,21,25.12
2010,8,22,24.69
2010,8,23,24.44
2010,8,24,24.55
2010,8,25,25.77
2010,8,26,25.69
2010,8,27,25.06
2010,8,28,24.01
2010,8,29,23.83
2010,8,30,25.08
2010,8,31,25.99
2010,9,1,26.07
2010,9,2,25.2
2010,9,3,25.19
2010,9,4,24.66
2010,9,5,25.63
2010,9,6,25.65
2010,9,7,25.89
2010,9,8,26.41
2010,9,9,25.79
2010,9,10,25.58
2010,9,11,26
2010,9,12,25.1
2010,9,13,25.3
2010,9,14,25.62
2010,9,15,25.26
2010,9,16,24.2
2010,9,17,24.47
2010,9,18,24.83
2010,9,19,25.81
2010,9,20,25.25
2010,9,21,26.15
2010,9,22,25.97
2010,9,23,26.32
2010,9,24,26.83
2010,9,25,26.96
2010,9,26,26.87
2010,9,27,27.43
2010,9,28,25.66
2010,9,29,25.78
2010,9,30,26.15
2010,10,1,24.85
2010,10,2,24.09
2010,10,3,25.04
2010,10,4,24.36
2010,10,5,24.68
2010,10,6,25.51
2010,10,7,24.43
2010,10,8,24.36
2010,10,9,23.99
2010,10,10,24.19
2010,10,11,24.38
2010,10,12,23.88
2010,10,13,23.8
2010,10,14,24.12
2010,10,15,23.59
2010,10,16,23.92
2010,10,17,24.33
2010,10,18,24.31
2010,10,19,23.76
2010,10,20,24.15
2010,10,21,24.23
2010,10,22,23.74
2010,10,23,23.38
2010,10,24,24.08
2010,10,25,25.35
2010,10,26,25.53
2010,10,27,24.68
2010,10,28,24.31
2010,10,29,24.89
2010,10,30,22.37
2010,10,31,22.91
2010,11,1,23.99
2010,11,2,23.09
2010,11,3,24.01
2010,11,4,24.26
2010,11,5,22.99
2010,11,6,23.86
2010,11,7,23.86
2010,11,8,24.69
2010,11,9,24.02
2010,11,10,24.1
2010,11,11,24.12
2010,11,12,24.65
2010,11,13,24.53
2010,11,14,24.47
2010,11,15,23.99
2010,11,16,23.78
2010,11,17,23.99
2010,11,18,23.89
2010,11,19,23.54
2010,11,20,23.62
2010,11,21,23.4
2010,11,22,24.16
2010,11,23,24.38
2010,11,24,24.49
2010,11,25,23.3
2010,11,26,24.07
2010,11,27,24.15
2010,11,28,24.23
2010,11,29,24.48
2010,11,30,23.51
2010,12,1,24.45
2010,12,2,24.29
2010,12,3,24.5
2010,12,4,24.56
2010,12,5,23.46
2010,12,6,23.26
2010,12,7,23.65
2010,12,8,22.65
2010,12,9,22.01
2010,12,10,23
2010,12,11,23.19
2010,12,12,23.83
2010,12,13,24.77
2010,12,14,23.53
2010,12,15,23.37
2010,12,16,24.66
2010,12,17,22.01
2010,12,18,22.18
2010,12,19,22.96
2010,12,20,23.67
2010,12,21,23.02
2010,12,22,23.77
2010,12,23,23.53
2010,12,24,23.58
2010,12,25,23.15
2010,12,26,22.1
2010,12,27,23.16
2010,12,28,22.13
2010,12,29,22.83
2010,12,30,23.46
2010,12,31,23.36
2011,1,1,23
2011,1,2,22.78
2011,1,3,24.14
2011,1,4,23.7
2011,1,5,23.51
2011,1,6,23.44
2011,1,7,23.26
2011,1,8,23.09
2011,1,9,22.91
2011,1,10,22.91
2011,1,11,22.87
2011,1,12,23.11
2011,1,13,23.38
2011,1,14,23.44
2011,1,15,22.89
2011,1,16,22.12
2011,1,17,21.32
2011,1,18,22.66
2011,1,19,24.19
2011,1,20,24.61
2011,1,21,24.57
2011,1,22,24.08
2011,1,23,23.83
2011,1,24,23.29
2011,1,25,24.05
2011,1,26,24.43
2011,1,27,25.1
2011,1,28,25.19
2011,1,29,24.89
2011,1,30,24.84
2011,1,31,24.83
2011,2,1,25.02
2011,2,2,25.41
2011,2,3,24.74
2011,2,4,24.78
2011,2,5,24.94
2011,2,6,23.66
2011,2,7,23.43
2011,2,8,23.64
2011,2,9,24.26
2011,2,10,24.99
2011,2,11,25.65
2011,2,12,25.98
2011,2,13,25.69
2011,2,14,26.89
2011,2,15,26.76
2011,2,16,27.12
2011,2,17,27.1
2011,2,18,27.37
2011,2,19,27.23
2011,2,20,26.3
2011,2,21,26.2
2011,2,22,26.09
2011,2,23,27.16
2011,2,24,25.63
2011,2,25,26.84
2011,2,26,26.73
2011,2,27,26.76
2011,2,28,25.53
2011,3,1,25.34
2011,3,2,24.77
2011,3,3,26.6
2011,3,4,25.97
2011,3,5,26.1
2011,3,6,27.33
2011,3,7,27.94
2011,3,8,27.96
2011,3,9,28.65
2011,3,10,27.93
2011,3,11,28.19
2011,3,12,28.65
2011,3,13,27.96
2011,3,14,27.99
2011,3,15,27.5
2011,3,16,26.51
2011,3,17,27.11
2011,3,18,26.53
2011,3,19,27.2
2011,3,20,28.05
2011,3,21,27.9
2011,3,22,28.27
2011,3,23,27.49
2011,3,24,25.9
2011,3,25,25.9
2011,3,26,26.6
2011,3,27,26.7
2011,3,28,26.18
2011,3,29,27.19
2011,3,30,26.48
2011,3,31,27.43
2011,4,1,27.13
2011,4,2,25.96
2011,4,3,27.76
2011,4,4,27.56
2011,4,5,28.43
2011,4,6,27.98
2011,4,7,28.27
2011,4,8,28.76
2011,4,9,29.13
2011,4,10,27.73
2011,4,11,28.98
2011,4,12,29.12
2011,4,13,28.69
2011,4,14,29.43
2011,4,15,29.01
2011,4,16,29.15
2011,4,17,29.49
2011,4,18,27.66
2011,4,19,25.03
2011,4,20,26.64
2011,4,21,27.89
2011,4,22,27.37
2011,4,23,28.37
2011,4,24,28.65
2011,4,25,29.15
2011,4,26,29.5
2011,4,27,26.81
2011,4,28,28.87
2011,4,29,29.17
2011,4,30,29.84
2011,5,1,29.18
2011,5,2,26.98
2011,5,3,29.21
2011,5,4,28.91
2011,5,5,27.87
2011,5,6,28.11
2011,5,7,27.51
2011,5,8,28.7
2011,5,9,28.83
2011,5,10,27.52
2011,5,11,27.99
2011,5,12,27.83
2011,5,13,28.23
2011,5,14,27.62
2011,5,15,26.19
2011,5,16,27.19
2011,5,17,27.78
2011,5,18,26.1
2011,5,19,27
2011,5,20,26.75
2011,5,21,25.86
2011,5,22,27.66
2011,5,23,27.32
2011,5,24,27.05
2011,5,25,25.4
2011,5,26,24.76
2011,5,27,24.72
2011,5,28,24.76
2011,5,29,24.23
2011,5,30,24.19
2011,5,31,24.67
2011,6,1,25.01
2011,6,2,25.86
2011,6,3,25.62
2011,6,4,25.92
2011,6,5,26.33
2011,6,6,25.59
2011,6,7,25.8
2011,6,8,25.56
2011,6,9,25.26
2011,6,10,24.76
2011,6,11,24.76
2011,6,12,25.19
2011,6,13,25.26
2011,6,14,24.08
2011,6,15,25.02
2011,6,16,25.37
2011,6,17,24.05
2011,6,18,24.05
2011,6,19,23.8
2011,6,20,24.75
2011,6,21,24.63
2011,6,22,24.72
2011,6,23,24.44
2011,6,24,25.83
2011,6,25,25.93
2011,6,26,25.71
2011,6,27,25.6
2011,6,28,25.85
2011,6,29,25.05
2011,6,30,24.36
2011,7,1,24.82
2011,7,2,25.21
2011,7,3,25.64
2011,7,4,24.01
2011,7,5,24.78
2011,7,6,25.19
2011,7,7,24.75
2011,7,8,25.3
2011,7,9,24.93
2011,7,10,24.93
2011,7,11,24.79
2011,7,12,24.7
2011,7,13,24.44
2011,7,14,24.42
2011,7,15,24.19
2011,7,16,24.87
2011,7,17,24.65
2011,7,18,25.46
2011,7,19,25.52
2011,7,20,25.76
2011,7,21,25.83
2011,7,22,25.69
2011,7,23,24.45
2011,7,24,23.99
2011,7,25,23.89
2011,7,26,23.98
2011,7,27,24.51
2011,7,28,24.47
2011,7,29,23.58
2011,7,30,23.41
2011,7,31,23.87
2011,8,1,24.6
2011,8,2,25.05
2011,8,3,25.57
2011,8,4,25.86
2011,8,5,25.84
2011,8,6,24.56
2011,8,7,24.51
2011,8,8,24.61
2011,8,9,24.44
2011,8,10,23.72
2011,8,11,24.35
2011,8,12,24.88
2011,8,13,24.62
2011,8,14,24.65
2011,8,15,24.1
2011,8,16,24.53
2011,8,17,24.81
2011,8,18,25.09
2011,8,19,24.02
2011,8,20,24.52
2011,8,21,24.73
2011,8,22,24.78
2011,8,23,24.77
2011,8,24,24.94
2011,8,25,25.41
2011,8,26,24.77
2011,8,27,23.82
2011,8,28,23.99
2011,8,29,24.77
2011,8,30,25.1
2011,8,31,25.09
2011,9,1,25.21
2011,9,2,24.94
2011,9,3,24.66
2011,9,4,25.4
2011,9,5,24.13
2011,9,6,24.61
2011,9,7,24.57
2011,9,8,24.34
2011,9,9,23.83
2011,9,10,23.48
2011,9,11,23.83
2011,9,12,23.77
2011,9,13,24.92
2011,9,14,25.27
2011,9,15,24.93
2011,9,16,25.35
2011,9,17,24.95
2011,9,18,25.5
2011,9,19,24.77
2011,9,20,24.23
2011,9,21,24.06
2011,9,22,23.74
2011,9,23,23.87
2011,9,24,23.68
2011,9,25,23.98
2011,9,26,24.38
2011,9,27,23.85
2011,9,28,23.49
2011,9,29,24.34
2011,9,30,24.75
2011,10,1,24.94
2011,10,2,24.78
2011,10,3,23.92
2011,10,4,23.38
2011,10,5,23.26
2011,10,6,23.89
2011,10,7,24.2
2011,10,8,23.98
2011,10,9,23.7
2011,10,10,23.75
2011,10,11,24.51
2011,10,12,24.3
2011,10,13,23.56
2011,10,14,23.87
2011,10,15,24.69
2011,10,16,24.22
2011,10,17,25.18
2011,10,18,25.53
2011,10,19,25.39
2011,10,20,25.05
2011,10,21,25.09
2011,10,22,25.31
2011,10,23,25.44
2011,10,24,26.05
2011,10,25,26.12
2011,10,26,25.45
2011,10,27,25.21
2011,10,28,25.67
2011,10,29,25.53
2011,10,30,25.52
2011,10,31,25.2
2011,11,1,25.6
2011,11,2,25.4
2011,11,3,25.58
2011,11,4,25.79
2011,11,5,24.9
2011,11,6,23.15
2011,11,7,23.51
2011,11,8,23.79
2011,11,9,23.91
2011,11,10,23.96
2011,11,11,23.59
2011,11,12,23.9
2011,11,13,24.37
2011,11,14,24.6
2011,11,15,25.06
2011,11,16,25.32
2011,11,17,24.69
2011,11,18,24.23
2011,11,19,25.64
2011,11,20,24.4
2011,11,21,24.94
2011,11,22,25.47
2011,11,23,26.01
2011,11,24,25.54
2011,11,25,24.97
2011,11,26,25.44
2011,11,27,25.2
2011,11,28,25.09
2011,11,29,24.75
2011,11,30,25.23
2011,12,1,25.88
2011,12,2,25.03
2011,12,3,23.49
2011,12,4,23.21
2011,12,5,23.7
2011,12,6,23.99
2011,12,7,24.73
2011,12,8,23.6
2011,12,9,22.51
2011,12,10,23.86
2011,12,11,22.55
2011,12,12,21.19
2011,12,13,22.51
2011,12,14,23.44
2011,12,15,25.42
2011,12,16,24.98
2011,12,17,25.12
2011,12,18,25.15
2011,12,19,24.48
2011,12,20,24.98
2011,12,21,25.51
2011,12,22,26.02
2011,12,23,25.62
2011,12,24,23.82
2011,12,25,23.09
2011,12,26,23.29
2011,12,27,25.03
2011,12,28,25.04
2011,12,29,25.73
2011,12,30,25.9
2011,12,31,25.73
2012,1,1,26.39
2012,1,2,25.44
2012,1,3,25.64
2012,1,4,24.91
2012,1,5,25.31
2012,1,6,25.82
2012,1,7,24.83
2012,1,8,25.31
2012,1,9,25.27
2012,1,10,25.37
2012,1,11,24.34
2012,1,12,25.99
2012,1,13,26.14
2012,1,14,26.48
2012,1,15,25.98
2012,1,16,26.15
2012,1,17,25.32
2012,1,18,26.51
2012,1,19,26.46
2012,1,20,26.92
2012,1,21,26.55
2012,1,22,26.38
2012,1,23,26.71
2012,1,24,26.31
2012,1,25,26.74
2012,1,26,26.55
2012,1,27,26.3
2012,1,28,25.79
2012,1,29,24.87
2012,1,30,26.66
2012,1,31,27.15
2012,2,1,26.78
2012,2,2,27.24
2012,2,3,27.26
2012,2,4,27.08
2012,2,5,27.02
2012,2,6,27.06
2012,2,7,27.15
2012,2,8,27.63
2012,2,9,27.44
2012,2,10,27.35
2012,2,11,27.07
2012,2,12,26.73
2012,2,13,26.84
2012,2,14,26.66
2012,2,15,26.9
2012,2,16,26.46
2012,2,17,25.4
2012,2,18,25.87
2012,2,19,26.25
2012,2,20,24.93
2012,2,21,25.53
2012,2,22,25.25
2012,2,23,26.4
2012,2,24,27.26
2012,2,25,27.32
2012,2,26,27.69
2012,2,27,27.51
2012,2,28,27.61
2012,2,29,28.25
2012,3,1,29.3
2012,3,2,28.7
2012,3,3,28.48
2012,3,4,28.2
2012,3,5,28.43
2012,3,6,27.01
2012,3,7,27.32
2012,3,8,27.78
2012,3,9,29.14
2012,3,10,28.58
2012,3,11,29.19
2012,3,12,29.84
2012,3,13,30.04
2012,3,14,29.87
2012,3,15,28.71
2012,3,16,28.5
2012,3,17,28.64
2012,3,18,28.08
2012,3,19,26.93
2012,3,20,26.83
2012,3,21,25.24
2012,3,22,27.82
2012,3,23,27.43
2012,3,24,27.35
2012,3,25,28.14
2012,3,26,28.86
2012,3,27,28.72
2012,3,28,27.95
2012,3,29,26.96
2012,3,30,25.76
2012,3,31,24.36
2012,4,1,23.83
2012,4,2,22.5
2012,4,3,25.3
2012,4,4,25.76
2012,4,5,26.37
2012,4,6,26.8
2012,4,7,27.39
2012,4,8,27.69
2012,4,9,26.95
2012,4,10,27.44
2012,4,11,27.52
2012,4,12,27.57
2012,4,13,27.77
2012,4,14,26.69
2012,4,15,28.23
2012,4,16,28.32
2012,4,17,28.55
2012,4,18,28.95
2012,4,19,29.12
2012,4,20,28.92
2012,4,21,27.14
2012,4,22,27.45
2012,4,23,27.9
2012,4,24,28.39
2012,4,25,27.54
2012,4,26,26.22
2012,4,27,26.19
2012,4,28,26.63
2012,4,29,25.89
2012,4,30,26.5
2012,5,1,26.33
2012,5,2,27.5
2012,5,3,27.83
2012,5,4,28.44
2012,5,5,27.62
2012,5,6,26.9
2012,5,7,25.85
2012,5,8,26.83
2012,5,9,27.58
2012,5,10,27.98
2012,5,11,26.96
2012,5,12,27.69
2012,5,13,26.4
2012,5,14,26.25
2012,5,15,26.48
2012,5,16,27.04
2012,5,17,26.65
2012,5,18,27.76
2012,5,19,28.6
2012,5,20,28.08
2012,5,21,28.19
2012,5,22,27.78
2012,5,23,26.49
2012,5,24,25.2
2012,5,25,25.01
2012,5,26,25.08
2012,5,27,24.69
2012,5,28,25.8
2012,5,29,25.82
2012,5,30,26.19
2012,5,31,25.94
2012,6,1,26
2012,6,2,25.13
2012,6,3,25.85
2012,6,4,25.43
2012,6,5,26.01
2012,6,6,25.14
2012,6,7,25.85
2012,6,8,25.07
2012,6,9,25.3
2012,6,10,25.69
2012,6,11,25.36
2012,6,12,25.15
2012,6,13,25.6
2012,6,14,26.32
2012,6,15,25.1
2012,6,16,25.09
2012,6,17,24.44
2012,6,18,24.65
2012,6,19,25
2012,6,20,25.95
2012,6,21,25.8
2012,6,22,25.33
2012,6,23,25.74
2012,6,24,26.33
2012,6,25,26.46
2012,6,26,26.87
2012,6,27,25.55
2012,6,28,25.53
2012,6,29,24.05
2012,6,30,23.89
2012,7,1,23.69
2012,7,2,24.67
2012,7,3,24.39
2012,7,4,24.51
2012,7,5,24.94
2012,7,6,24.63
2012,7,7,24.51
2012,7,8,24.55
2012,7,9,24.51
2012,7,10,24.26
2012,7,11,24.08
2012,7,12,24.38
2012,7,13,24.69
2012,7,14,25.15
2012,7,15,24.87
2012,7,16,25.55
2012,7,17,25.11
2012,7,18,25.39
2012,7,19,24.56
2012,7,20,25.3
2012,7,21,25.18
2012,7,22,24.92
2012,7,23,25.44
2012,7,24,25.01
2012,7,25,24.3
2012,7,26,24.75
2012,7,27,24.95
2012,7,28,24.14
2012,7,29,23.94
2012,7,30,24.17
2012,7,31,24.26
2012,8,1,24.12
2012,8,2,23.24
2012,8,3,23.81
2012,8,4,24.52
2012,8,5,25.3
2012,8,6,25.8
2012,8,7,24.83
2012,8,8,25.64
2012,8,9,24.92
2012,8,10,25.44
2012,8,11,25.62
2012,8,12,25.99
2012,8,13,26.11
2012,8,14,25.85
2012,8,15,26.07
2012,8,16,24.72
2012,8,17,24.76
2012,8,18,25.19
2012,8,19,25.33
2012,8,20,25.8
2012,8,21,25.5
2012,8,22,24.72
2012,8,23,25.69
2012,8,24,24.72
2012,8,25,24.58
2012,8,26,24.9
2012,8,27,25
2012,8,28,25.3
2012,8,29,25.48
2012,8,30,25.74
2012,8,31,24.37
2012,9,1,23.49
2012,9,2,23.68
2012,9,3,24.74
2012,9,4,25.04
2012,9,5,24.44
2012,9,6,24.11
2012,9,7,24
2012,9,8,25.33
2012,9,9,24.86
2012,9,10,24.51
2012,9,11,24.33
2012,9,12,23.94
2012,9,13,23.51
2012,9,14,24.29
2012,9,15,23.15
2012,9,16,24.09
2012,9,17,24.17
2012,9,18,24.63
2012,9,19,24.54
2012,9,20,24.46
2012,9,21,24.4
2012,9,22,24.89
2012,9,23,24.88
2012,9,24,24.77
2012,9,25,24.78
2012,9,26,24.21
2012,9,27,24.17
2012,9,28,23.47
2012,9,29,24.47
2012,9,30,23.68
2012,10,1,24.02
2012,10,2,24.15
2012,10,3,23.3
2012,10,4,24.4
2012,10,5,24.73
2012,10,6,24.44
2012,10,7,23.37
2012,10,8,24.67
2012,10,9,24.61
2012,10,10,25.12
2012,10,11,24.87
2012,10,12,24.79
2012,10,13,24.67
2012,10,14,23.67
2012,10,15,24.88
2012,10,16,25.46
2012,10,17,24.69
2012,10,18,24.4
2012,10,19,24.5
2012,10,20,24.64
2012,10,21,25.34
2012,10,22,24.53
2012,10,23,24.4
2012,10,24,25.33
2012,10,25,25.19
2012,10,26,23.36
2012,10,27,24.81
2012,10,28,24.94
2012,10,29,25.11
2012,10,30,25.53
2012,10,31,25.52
2012,11,1,25.44
2012,11,2,25.42
2012,11,3,25.45
2012,11,4,25.03
2012,11,5,25.33
2012,11,6,25.29
2012,11,7,25.4
2012,11,8,25.62
2012,11,9,25.69
2012,11,10,25.69
2012,11,11,26.38
2012,11,12,26.3
2012,11,13,25.22
2012,11,14,24.01
2012,11,15,24
2012,11,16,24.49
2012,11,17,25.33
2012,11,18,25.41
2012,11,19,25.85
2012,11,20,25.46
2012,11,21,25.26
2012,11,22,25.5
2012,11,23,25.39
2012,11,24,24.11
2012,11,25,24.65
2012,11,26,25.4
2012,11,27,25.8
2012,11,28,25.73
2012,11,29,25.57
2012,11,30,25.08
2012,12,1,25.19
2012,12,2,25.19
2012,12,3,24.93
2012,12,4,24.08
2012,12,5,24.98
2012,12,6,25.58
2012,12,7,25.78
2012,12,8,25.86
2012,12,9,26
2012,12,10,25.87
2012,12,11,26.32
2012,12,12,26.01
2012,12,13,25.14
2012,12,14,26
2012,12,15,26.84
2012,12,16,26.84
2012,12,17,26.33
2012,12,18,26.75
2012,12,19,26.78
2012,12,20,26.58
2012,12,21,27.63
2012,12,22,27.49
2012,12,23,26.07
2012,12,24,25.9
2012,12,25,25.9
2012,12,26,26.73
2012,12,27,26.38
2012,12,28,27.3
2012,12,29,27.58
2012,12,30,27.23
2012,12,31,25.07
2013,1,1,25.74
2013,1,2,26.68
2013,1,3,27.38
2013,1,4,26.26
2013,1,5,24.98
2013,1,6,22.65
2013,1,7,22.71
2013,1,8,23.95
2013,1,9,25.97
2013,1,10,25.53
2013,1,11,25.38
2013,1,12,24.83
2013,1,13,24.71
2013,1,14,24.81
2013,1,15,24.71
2013,1,16,22.93
2013,1,17,24.41
2013,1,18,24.39
2013,1,19,24.4
2013,1,20,25.8
2013,1,21,27.08
2013,1,22,26.98
2013,1,23,26.88
2013,1,24,26.48
2013,1,25,26.56
2013,1,26,26.17
2013,1,27,26.31
2013,1,28,26.58
2013,1,29,26.23
2013,1,30,26.98
2013,1,31,26.96
2013,2,1,27.28
2013,2,2,26.75
2013,2,3,28.23
2013,2,4,28.78
2013,2,5,28.42
2013,2,6,27.39
2013,2,7,27.26
2013,2,8,27.57
2013,2,9,27.98
2013,2,10,27.31
2013,2,11,27.59
2013,2,12,28.84
2013,2,13,28.78
2013,2,14,28.99
2013,2,15,29.4
2013,2,16,28.9
2013,2,17,28.05
2013,2,18,27.89
2013,2,19,27.61
2013,2,20,27.07
2013,2,21,26.59
2013,2,22,25.58
2013,2,23,26.55
2013,2,24,28.11
2013,2,25,28.18
2013,2,26,28.6
2013,2,27,29.12
2013,2,28,29.44
2013,3,1,29.43
2013,3,2,30.16
2013,3,3,29.72
2013,3,4,28.74
2013,3,5,28.33
2013,3,6,28.29
2013,3,7,28.58
2013,3,8,28.26
2013,3,9,27.74
2013,3,10,28.01
2013,3,11,28.35
2013,3,12,28.45
2013,3,13,28.52
2013,3,14,29.71
2013,3,15,28.69
2013,3,16,29.26
2013,3,17,29.04
2013,3,18,29.34
2013,3,19,29.43
2013,3,20,28.82
2013,3,21,28.94
2013,3,22,29.73
2013,3,23,29.45
2013,3,24,29.38
2013,3,25,28.73
2013,3,26,27.47
2013,3,27,28.79
2013,3,28,30.33
2013,3,29,29.37
2013,3,30,30.12
2013,3,31,30.03
2013,4,1,30.82
2013,4,2,30.81
2013,4,3,30.12
2013,4,4,29.97
2013,4,5,30.11
2013,4,6,30.3
2013,4,7,27.55
2013,4,8,27.53
2013,4,9,28.57
2013,4,10,29.3
2013,4,11,27.58
2013,4,12,29.17
2013,4,13,30.37
2013,4,14,30.12
2013,4,15,30.06
2013,4,16,29.83
2013,4,17,28.04
2013,4,18,29.05
2013,4,19,29.37
2013,4,20,28.17
2013,4,21,27
2013,4,22,29.12
2013,4,23,26.49
2013,4,24,28.11
2013,4,25,29.8
2013,4,26,26.66
2013,4,27,27.84
2013,4,28,28.06
2013,4,29,27.88
2013,4,30,29.77
2013,5,1,29.22
2013,5,2,28.48
2013,5,3,27.96
2013,5,4,29.12
2013,5,5,30.41
2013,5,6,29.85
2013,5,7,30.2
2013,5,8,29.55
2013,5,9,29.92
2013,5,10,29.56
2013,5,11,28.11
2013,5,12,26.28
2013,5,13,27.23
2013,5,14,28.14
2013,5,15,26.71
2013,5,16,27.61
2013,5,17,26.55
2013,5,18,26.98
2013,5,19,25.55
2013,5,20,26.53
2013,5,21,26.75
2013,5,22,27.12
2013,5,23,27.31
2013,5,24,26.16
2013,5,25,26.33
2013,5,26,27.01
2013,5,27,27.68
2013,5,28,27.65
2013,5,29,27.55
2013,5,30,28.14
2013,5,31,28.53
2013,6,1,27.65
2013,6,2,26.38
2013,6,3,27.81
2013,6,4,25.87
2013,6,5,26.79
2013,6,6,27.26
2013,6,7,27.28
2013,6,8,27.83
2013,6,9,26.73
2013,6,10,26.94
2013,6,11,26.37
2013,6,12,25.17
2013,6,13,25.05
2013,6,14,24.55
2013,6,15,24.73
2013,6,16,24.34
2013,6,17,24.68
2013,6,18,24.87
2013,6,19,25.16
2013,6,20,25.48
2013,6,21,25.03
2013,6,22,24.22
2013,6,23,24.56
2013,6,24,25.53
2013,6,25,26.37
2013,6,26,26.38
2013,6,27,26.08
2013,6,28,26.89
2013,6,29,26.97
2013,6,30,27.29
2013,7,1,25.61
2013,7,2,25.86
2013,7,3,26.4
2013,7,4,25.85
2013,7,5,26.81
2013,7,6,24.82
2013,7,7,24.94
2013,7,8,25.4
2013,7,9,26.09
2013,7,10,27.64
2013,7,11,28.02
2013,7,12,27.37
2013,7,13,28.37
2013,7,14,26.96
2013,7,15,25.51
2013,7,16,24.24
2013,7,17,23.95
2013,7,18,25.47
2013,7,19,24.61
2013,7,20,24.52
2013,7,21,24.69
2013,7,22,24.48
2013,7,23,23.89
2013,7,24,24.67
2013,7,25,25.89
2013,7,26,26.21
2013,7,27,25.98
2013,7,28,26.52
2013,7,29,25.18
2013,7,30,25.3
2013,7,31,24.58
2013,8,1,23.72
2013,8,2,24.41
2013,8,3,23.98
2013,8,4,24.9
2013,8,5,24.54
2013,8,6,24.05
2013,8,7,25.03
2013,8,8,25.15
2013,8,9,25.44
2013,8,10,23.99
2013,8,11,23.93
2013,8,12,24.44
2013,8,13,23.69
2013,8,14,24.23
2013,8,15,25.28
2013,8,16,25.19
2013,8,17,25.94
2013,8,18,25.98
2013,8,19,26.36
2013,8,20,26.19
2013,8,21,25.83
2013,8,22,25.41
2013,8,23,24.61
2013,8,24,24.7
2013,8,25,24.29
2013,8,26,23.76
2013,8,27,24.15
2013,8,28,24.98
2013,8,29,24.89
2013,8,30,25.57
2013,8,31,26.29
2013,9,1,26.27
2013,9,2,26.66
2013,9,3,26.25
2013,9,4,25.61
2013,9,5,25.98
2013,9,6,25.6
2013,9,7,25.99
2013,9,8,25.4
2013,9,9,26.36
2013,9,10,24.58
2013,9,11,24.4
2013,9,12,24.65
2013,9,13,25.25
2013,9,14,24.76
2013,9,15,24.62
2013,9,16,24.14
2013,9,17,24.17
2013,9,18,23.36
2013,9,19,24.53
2013,9,20,24.49
2013,9,21,24.27
2013,9,22,23.82
2013,9,23,24.19
2013,9,24,25.52
2013,9,25,24.85
2013,9,26,23.76
2013,9,27,23.6
2013,9,28,22.94
2013,9,29,24.4
2013,9,30,24.92
2013,10,1,24.01
2013,10,2,23.11
2013,10,3,23.73
2013,10,4,24.44
2013,10,5,24.5
2013,10,6,24.12
2013,10,7,24.97
2013,10,8,24.38
2013,10,9,24.38
2013,10,10,24.51
2013,10,11,25.32
2013,10,12,25.27
2013,10,13,23.25
2013,10,14,24.93
2013,10,15,24.4
2013,10,16,24.33
2013,10,17,25.16
2013,10,18,25.85
2013,10,19,25.74
2013,10,20,25.39
2013,10,21,25.09
2013,10,22,25.36
2013,10,23,25.33
2013,10,24,25.6
2013,10,25,24.78
2013,10,26,25.51
2013,10,27,25.36
2013,10,28,25.62
2013,10,29,26.3
2013,10,30,26.48
2013,10,31,25.9
2013,11,1,26.23
2013,11,2,26.37
2013,11,3,26.36
2013,11,4,26.65
2013,11,5,26.87
2013,11,6,25.88
2013,11,7,24.34
2013,11,8,25.67
2013,11,9,25.08
2013,11,10,25
2013,11,11,25.47
2013,11,12,26.48
2013,11,13,26.65
2013,11,14,25.98
2013,11,15,22.99
2013,11,16,25.19
2013,11,17,25.32
2013,11,18,25.9
2013,11,19,25.45
2013,11,20,25.08
2013,11,21,23.26
2013,11,22,23.76
2013,11,23,24.4
2013,11,24,25.44
2013,11,25,26.17
2013,11,26,25.12
2013,11,27,25.01
2013,11,28,25.23
2013,11,29,25.37
2013,11,30,25.19
2013,12,1,24.88
2013,12,2,23.73
2013,12,3,24.7
2013,12,4,25.81
2013,12,5,25.58
2013,12,6,24.87
2013,12,7,24.93
2013,12,8,25.08
2013,12,9,25.13
2013,12,10,25.44
2013,12,11,26.26
2013,12,12,25.98
2013,12,13,26.56
2013,12,14,27.11
2013,12,15,26.98
2013,12,16,26.88
2013,12,17,24.55
2013,12,18,23.95
2013,12,19,24.55
2013,12,20,24.61
2013,12,21,23.2
2013,12,22,23.46
2013,12,23,24.93
2013,12,24,24.38
2013,12,25,25.01
2013,12,26,25.33
2013,12,27,24.68
2013,12,28,23.52
2013,12,29,23.16
2013,12,30,22.81
2013,12,31,24.47
2014,1,1,25.22
2014,1,2,25.98
2014,1,3,26.57
2014,1,4,26.73
2014,1,5,26.13
2014,1,6,26.7
2014,1,7,26.12
2014,1,8,26.9
2014,1,9,26.99
2014,1,10,25.51
2014,1,11,26.47
2014,1,12,26.87
2014,1,13,26.12
2014,1,14,24.6
2014,1,15,23.09
2014,1,16,23.25
2014,1,17,23.52
2014,1,18,23.15
2014,1,19,23.06
2014,1,20,23.58
2014,1,21,23.27
2014,1,22,21.45
2014,1,23,21.62
2014,1,24,21.94
2014,1,25,22.13
2014,1,26,23.25
2014,1,27,24.71
2014,1,28,25.3
2014,1,29,24.81
2014,1,30,24.05
2014,1,31,24.14
2014,2,1,24.19
2014,2,2,24.02
2014,2,3,25.02
2014,2,4,25.22
2014,2,5,25.74
2014,2,6,26.04
2014,2,7,25.2
2014,2,8,26.14
2014,2,9,26.15
2014,2,10,27.27
2014,2,11,27.59
2014,2,12,27.87
2014,2,13,27.76
2014,2,14,27.91
2014,2,15,27.56
2014,2,16,26.58
2014,2,17,26.82
2014,2,18,26.61
2014,2,19,26.86
2014,2,20,27.85
2014,2,21,27.79
2014,2,22,27.98
2014,2,23,26.99
2014,2,24,25.84
2014,2,25,26.83
2014,2,26,27.26
2014,2,27,27.14
2014,2,28,25.9
2014,3,1,26.76
2014,3,2,27.4
2014,3,3,27.58
2014,3,4,27.29
2014,3,5,27.61
2014,3,6,27.7
2014,3,7,27.75
2014,3,8,27.76
2014,3,9,27.98
2014,3,10,28.41
2014,3,11,29.32
2014,3,12,29.14
2014,3,13,29.18
2014,3,14,30.46
2014,3,15,29.95
2014,3,16,30.72
2014,3,17,30.72
2014,3,18,30.48
2014,3,19,28.97
2014,3,20,29.23
2014,3,21,29.52
2014,3,22,29.52
2014,3,23,29.05
2014,3,24,29.72
2014,3,25,30.15
2014,3,26,30.14
2014,3,27,30.28
2014,3,28,28.4
2014,3,29,29.37
2014,3,30,30.16
2014,3,31,29.92
2014,4,1,29.76
2014,4,2,29.76
2014,4,3,29.41
2014,4,4,29.66
2014,4,5,29.54
2014,4,6,28.54
2014,4,7,26.71
2014,4,8,28.6
2014,4,9,29.25
2014,4,10,28.12
2014,4,11,29.13
2014,4,12,28.57
2014,4,13,28.89
2014,4,14,29.53
2014,4,15,29.44
2014,4,16,29.28
2014,4,17,28.73
2014,4,18,29.46
2014,4,19,29.81
2014,4,20,29.02
2014,4,21,30.34
2014,4,22,30.8
2014,4,23,30.3
2014,4,24,31.19
2014,4,25,30.2
2014,4,26,29.67
2014,4,27,31.4
2014,4,28,29.85
2014,4,29,26.55
2014,4,30,28.09
2014,5,1,26.91
2014,5,2,27.77
2014,5,3,28.01
2014,5,4,30
2014,5,5,30.58
2014,5,6,29.83
2014,5,7,28.73
2014,5,8,28.98
2014,5,9,29.11
2014,5,10,29.76
2014,5,11,29.47
2014,5,12,26.65
2014,5,13,27.31
2014,5,14,26.82
2014,5,15,27.12
2014,5,16,26.98
2014,5,17,26.93
2014,5,18,28.3
2014,5,19,29.06
2014,5,20,28.13
2014,5,21,28.5
2014,5,22,28.73
2014,5,23,27.71
2014,5,24,27.7
2014,5,25,28.96
2014,5,26,28.7
2014,5,27,29.15
2014,5,28,28.89
2014,5,29,29.04
2014,5,30,28.85
2014,5,31,29.71
2014,6,1,28.48
2014,6,2,26.15
2014,6,3,27.63
2014,6,4,27.83
2014,6,5,27.82
2014,6,6,27.66
2014,6,7,29.34
2014,6,8,28.84
2014,6,9,28.23
2014,6,10,28.48
2014,6,11,25.94
2014,6,12,25.73
2014,6,13,24.83
2014,6,14,25.77
2014,6,15,25.33
2014,6,16,25.4
2014,6,17,25.47
2014,6,18,25.58
2014,6,19,24.8
2014,6,20,25.17
2014,6,21,26.23
2014,6,22,25.33
2014,6,23,24.68
2014,6,24,24.55
2014,6,25,24.55
2014,6,26,25.58
2014,6,27,25.73
2014,6,28,25.29
2014,6,29,24.24
2014,6,30,25.14
2014,7,1,25.3
2014,7,2,25.68
2014,7,3,26.17
2014,7,4,26.49
2014,7,5,25.82
2014,7,6,26.12
2014,7,7,26.25
2014,7,8,25.13
2014,7,9,24.85
2014,7,10,25.34
2014,7,11,26.97
2014,7,12,26.26
2014,7,13,24.98
2014,7,14,24.33
2014,7,15,25.32
2014,7,16,25.86
2014,7,17,25.31
2014,7,18,24.46
2014,7,19,24.51
2014,7,20,25.73
2014,7,21,24.16
2014,7,22,23.39
2014,7,23,23.98
2014,7,24,25.05
2014,7,25,24.85
2014,7,26,24.58
2014,7,27,24.44
2014,7,28,24.87
2014,7,29,25.07
2014,7,30,24.01
2014,7,31,23.41
2014,8,1,24.62
2014,8,2,24.65
2014,8,3,24.04
2014,8,4,24.12
2014,8,5,23.85
2014,8,6,24.03
2014,8,7,24.33
2014,8,8,24.83
2014,8,9,25.7
2014,8,10,25.54
2014,8,11,25.28
2014,8,12,25.45
2014,8,13,25.62
2014,8,14,25.58
2014,8,15,25.58
2014,8,16,26.25
2014,8,17,25.99
2014,8,18,26.05
2014,8,19,25.57
2014,8,20,25.5
2014,8,21,25.79
2014,8,22,25.86
2014,8,23,26.52
2014,8,24,25.05
2014,8,25,25.78
2014,8,26,24.87
2014,8,27,25.27
2014,8,28,24.84
2014,8,29,24.18
2014,8,30,24.84
2014,8,31,23.74
2014,9,1,23.61
2014,9,2,25.19
2014,9,3,25.73
2014,9,4,25.23
2014,9,5,25.13
2014,9,6,25.11
2014,9,7,24.55
2014,9,8,24.86
2014,9,9,25.18
2014,9,10,24.49
2014,9,11,24.99
2014,9,12,24.88
2014,9,13,24.71
2014,9,14,25.07
2014,9,15,24.44
2014,9,16,23.89
2014,9,17,24.4
2014,9,18,25.76
2014,9,19,25.54
2014,9,20,25.77
2014,9,21,25.27
2014,9,22,25.76
2014,9,23,26.02
2014,9,24,25.92
2014,9,25,25.69
2014,9,26,25.86
2014,9,27,26.15
2014,9,28,26.25
2014,9,29,26.96
2014,9,30,26.7
2014,10,1,25.57
2014,10,2,25.93
2014,10,3,26.26
2014,10,4,25.7
2014,10,5,24.18
2014,10,6,23.77
2014,10,7,24.44
2014,10,8,23.54
2014,10,9,24.15
2014,10,10,24.92
2014,10,11,25.08
2014,10,12,25.33
2014,10,13,25.48
2014,10,14,25.58
2014,10,15,25.08
2014,10,16,24.69
2014,10,17,25.2
2014,10,18,24.77
2014,10,19,24.55
2014,10,20,25.73
2014,10,21,25.58
2014,10,22,25.99
2014,10,23,25.19
2014,10,24,25.33
2014,10,25,24.73
2014,10,26,25.97
2014,10,27,26.23
2014,10,28,26.6
2014,10,29,26.38
2014,10,30,26.18
2014,10,31,25.94
2014,11,1,26.87
2014,11,2,26.48
2014,11,3,25.8
2014,11,4,25.3
2014,11,5,25.58
2014,11,6,25.98
2014,11,7,25.63
2014,11,8,24.83
2014,11,9,25.68
2014,11,10,26.65
2014,11,11,26.08
2014,11,12,26.79
2014,11,13,26.55
2014,11,14,26.37
2014,11,15,26.15
2014,11,16,27.18
2014,11,17,27.09
2014,11,18,27.39
2014,11,19,26.95
2014,11,20,25.96
2014,11,21,26.73
2014,11,22,26.9
2014,11,23,27.67
2014,11,24,27.83
2014,11,25,28.04
2014,11,26,27.24
2014,11,27,27.12
2014,11,28,28.44
2014,11,29,28.08
2014,11,30,26.33
2014,12,1,26.47
2014,12,2,26.19
2014,12,3,27.11
2014,12,4,26.84
2014,12,5,28.01
2014,12,6,27
2014,12,7,25.87
2014,12,8,26.5
2014,12,9,26.26
2014,12,10,26.16
2014,12,11,26.94
2014,12,12,25.8
2014,12,13,25.33
2014,12,14,27.05
2014,12,15,26.96
2014,12,16,24.9
2014,12,17,23.23
2014,12,18,23.89
2014,12,19,26.49
2014,12,20,26.7
2014,12,21,26.76
2014,12,22,26.69
2014,12,23,26.23
2014,12,24,27.09
2014,12,25,27.93
2014,12,26,28.01
2014,12,27,26.8
2014,12,28,27.05
2014,12,29,26.44
2014,12,30,22.9
2014,12,31,24.14
2015,1,1,23.96
2015,1,2,24.92
2015,1,3,26.48
2015,1,4,27.01
2015,1,5,26.4
2015,1,6,26.49
2015,1,7,26.48
2015,1,8,27.23
2015,1,9,27.23
2015,1,10,26.66
2015,1,11,26.88
2015,1,12,26.65
2015,1,13,26.55
2015,1,14,25.14
2015,1,15,23.33
2015,1,16,23.72
2015,1,17,25.11
2015,1,18,24.86
2015,1,19,23.79
2015,1,20,24.25
2015,1,21,25.23
2015,1,22,25.06
2015,1,23,24.15
2015,1,24,23.59
2015,1,25,24.65
2015,1,26,25.27
2015,1,27,25.87
2015,1,28,25.76
2015,1,29,26.42
2015,1,30,25.94
2015,1,31,25.1
2015,2,1,25.35
2015,2,2,26.23
2015,2,3,26.95
2015,2,4,26.73
2015,2,5,25.36
2015,2,6,24.58
2015,2,7,24.65
2015,2,8,25.19
2015,2,9,25.19
2015,2,10,24.73
2015,2,11,24.98
2015,2,12,25.4
2015,2,13,25.19
2015,2,14,24.96
2015,2,15,25.93
2015,2,16,26.81
2015,2,17,27.3
2015,2,18,28.56
2015,2,19,26.94
2015,2,20,28.05
2015,2,21,27.94
2015,2,22,28.05
2015,2,23,28.43
2015,2,24,28.05
2015,2,25,28.1
2015,2,26,27.7
2015,2,27,28.57
2015,2,28,29.21
2015,3,1,30.12
2015,3,2,28.44
2015,3,3,27.43
2015,3,4,27.44
2015,3,5,28.08
2015,3,6,28.21
2015,3,7,28.59
2015,3,8,28.48
2015,3,9,29.37
2015,3,10,28.64
2015,3,11,27.68
2015,3,12,28.08
2015,3,13,28.94
2015,3,14,28.8
2015,3,15,28.48
2015,3,16,28.2
2015,3,17,28.1
2015,3,18,27.33
2015,3,19,27.82
2015,3,20,27.72
2015,3,21,27.79
2015,3,22,28.3
2015,3,23,28.39
2015,3,24,29.4
2015,3,25,31.03
2015,3,26,30.51
2015,3,27,30.76
2015,3,28,29.76
2015,3,29,30.77
2015,3,30,30.74
2015,3,31,30.01
2015,4,1,30.14
2015,4,2,29.73
2015,4,3,29.07
2015,4,4,29.3
2015,4,5,29.26
2015,4,6,29.12
2015,4,7,29.6
2015,4,8,29.62
2015,4,9,29.8
2015,4,10,30.54
2015,4,11,30.3
2015,4,12,29
2015,4,13,28.51
2015,4,14,29.75
2015,4,15,29.23
2015,4,16,29.53
2015,4,17,29.96
2015,4,18,30.12
2015,4,19,30.51
2015,4,20,30.65
2015,4,21,30.26
2015,4,22,29.99
2015,4,23,29.44
2015,4,24,30.15
2015,4,25,31.05
2015,4,26,30.12
2015,4,27,28.74
2015,4,28,29.54
2015,4,29,29.63
2015,4,30,29.84
2015,5,1,28.81
2015,5,2,28.41
2015,5,3,29.17
2015,5,4,30.82
2015,5,5,29.96
2015,5,6,28.83
2015,5,7,27.98
2015,5,8,29.98
2015,5,9,29.15
2015,5,10,30.93
2015,5,11,30.66
2015,5,12,28.17
2015,5,13,30.33
2015,5,14,30.62
2015,5,15,31.15
2015,5,16,30.97
2015,5,17,28.34
2015,5,18,28.55
2015,5,19,27.78
2015,5,20,26.62
2015,5,21,26.98
2015,5,22,26.58
2015,5,23,26.92
2015,5,24,28.14
2015,5,25,27.58
2015,5,26,27.66
2015,5,27,27.4
2015,5,28,28.75
2015,5,29,28.62
2015,5,30,27.82
2015,5,31,28.51
2015,6,1,28.14
2015,6,2,27.27
2015,6,3,27.8
2015,6,4,29.34
2015,6,5,28.2
2015,6,6,28.95
2015,6,7,29.27
2015,6,8,29.85
2015,6,9,29.87
2015,6,10,27.23
2015,6,11,27.94
2015,6,12,27.9
2015,6,13,26.73
2015,6,14,26.02
2015,6,15,26.83
2015,6,16,25.19
2015,6,17,24.63
2015,6,18,25.44
2015,6,19,24.34
2015,6,20,24.6
2015,6,21,23.59
2015,6,22,24.65
2015,6,23,24.52
2015,6,24,24.62
2015,6,25,24.48
2015,6,26,24.66
2015,6,27,25.83
2015,6,28,26.33
2015,6,29,26.95
2015,6,30,26.38
2015,7,1,27.05
2015,7,2,26.82
2015,7,3,27.71
2015,7,4,27.23
2015,7,5,27.09
2015,7,6,26.31
2015,7,7,26.25
2015,7,8,25.46
2015,7,9,24.15
2015,7,10,25.15
2015,7,11,25.52
2015,7,12,25.54
2015,7,13,25.66
2015,7,14,24.87
2015,7,15,24.95
2015,7,16,25.64
2015,7,17,25.05
2015,7,18,24.8
2015,7,19,24.3
2015,7,20,24.66
2015,7,21,25.73
2015,7,22,26.23
2015,7,23,25.44
2015,7,24,26.04
2015,7,25,25.9
2015,7,26,25.25
2015,7,27,25.62
2015,7,28,25
2015,7,29,25.44
2015,7,30,25.6
2015,7,31,26.2
2015,8,1,26.94
2015,8,2,26.12
2015,8,3,25.64
2015,8,4,25.17
2015,8,5,25.05
2015,8,6,24.58
2015,8,7,25.01
2015,8,8,25.19
2015,8,9,23.96
2015,8,10,24.91
2015,8,11,25.83
2015,8,12,25.76
2015,8,13,26.12
2015,8,14,26.33
2015,8,15,25.21
2015,8,16,26.26
2015,8,17,25.72
2015,8,18,26.58
2015,8,19,26.69
2015,8,20,25.94
2015,8,21,25.78
2015,8,22,26.33
2015,8,23,26.25
2015,8,24,26.1
2015,8,25,24.83
2015,8,26,24.08
2015,8,27,25.9
2015,8,28,26.43
2015,8,29,26.76
2015,8,30,26.66
2015,8,31,26.45
2015,9,1,26.18
2015,9,2,26.56
2015,9,3,26.95
2015,9,4,26.55
2015,9,5,27.29
2015,9,6,26.43
2015,9,7,26.75
2015,9,8,24.8
2015,9,9,23.8
2015,9,10,24.51
2015,9,11,24.76
2015,9,12,24.48
2015,9,13,24.44
2015,9,14,24.14
2015,9,15,24.29
2015,9,16,23.82
2015,9,17,24.4
2015,9,18,25.63
2015,9,19,26.83
2015,9,20,27.05
2015,9,21,25.96
2015,9,22,25.48
2015,9,23,26.06
2015,9,24,25.93
2015,9,25,26.02
2015,9,26,26.1
2015,9,27,26.48
2015,9,28,25.41
2015,9,29,26.69
2015,9,30,26.19
2015,10,1,26.9
2015,10,2,25.26
2015,10,3,24.75
2015,10,4,24.6
2015,10,5,24.96
2015,10,6,26.18
2015,10,7,26.24
2015,10,8,27.34
2015,10,9,26
2015,10,10,26.25
2015,10,11,25.94
2015,10,12,25.01
2015,10,13,26.58
2015,10,14,26.63
2015,10,15,25.44
2015,10,16,26.62
2015,10,17,26.77
2015,10,18,24.9
2015,10,19,24.51
2015,10,20,24.69
2015,10,21,25.16
2015,10,22,25.66
2015,10,23,24.74
2015,10,24,24.8
2015,10,25,25.66
2015,10,26,24.69
2015,10,27,26.07
2015,10,28,26.31
2015,10,29,26.5
2015,10,30,26.94
2015,10,31,26.81
2015,11,1,26.14
2015,11,2,25.55
2015,11,3,25.4
2015,11,4,24.59
2015,11,5,24.45
2015,11,6,25.34
2015,11,7,26.85
2015,11,8,26.15
2015,11,9,26.74
2015,11,10,26.44
2015,11,11,26.85
2015,11,12,27.11
2015,11,13,26.92
2015,11,14,28.03
2015,11,15,28.09
2015,11,16,27.55
2015,11,17,28.24
2015,11,18,28.12
2015,11,19,28.33
2015,11,20,27.86
2015,11,21,27.24
2015,11,22,27.08
2015,11,23,28.05
2015,11,24,28.26
2015,11,25,28.01
2015,11,26,27.94
2015,11,27,27.9
2015,11,28,28
2015,11,29,27.33
2015,11,30,27.79
2015,12,1,28.43
2015,12,2,28.5
2015,12,3,29.1
2015,12,4,28.58
2015,12,5,28.64
2015,12,6,29.31
2015,12,7,28.49
2015,12,8,29.26
2015,12,9,28.87
2015,12,10,28.87
2015,12,11,28.91
2015,12,12,28.8
2015,12,13,28.92
2015,12,14,27.91
2015,12,15,27.78
2015,12,16,27.68
2015,12,17,26.1
2015,12,18,26.09
2015,12,19,26.29
2015,12,20,22.78
2015,12,21,24.22
2015,12,22,24.23
2015,12,23,25.29
2015,12,24,25.65
2015,12,25,24.27
2015,12,26,25.85
2015,12,27,25.96
2015,12,28,25.24
2015,12,29,25.58
2015,12,30,25.19
2015,12,31,25.71
2016,1,1,26.21
2016,1,2,27.72
2016,1,3,27.77
2016,1,4,27.03
2016,1,5,27.23
2016,1,6,27.86
2016,1,7,28.06
2016,1,8,27.66
2016,1,9,27.56
2016,1,10,27.87
2016,1,11,26.94
2016,1,12,28.15
2016,1,13,28.66
2016,1,14,28.93
2016,1,15,28.33
2016,1,16,28.02
2016,1,17,26.81
2016,1,18,27.19
2016,1,19,27.84
2016,1,20,28.56
2016,1,21,28.73
2016,1,22,28.18
2016,1,23,29.09
2016,1,24,27.02
2016,1,25,23.8
2016,1,26,26.33
2016,1,27,28.36
2016,1,28,29.05
2016,1,29,28.62
2016,1,30,29.74
2016,1,31,29.66
2016,2,1,29.31
2016,2,2,28.74
2016,2,3,28.1
2016,2,4,29.31
2016,2,5,28.65
2016,2,6,27.41
2016,2,7,24.07
2016,2,8,23.33
2016,2,9,25.69
2016,2,10,27.12
2016,2,11,27.3
2016,2,12,28.09
2016,2,13,28.19
2016,2,14,28.49
2016,2,15,28.21
2016,2,16,28.51
2016,2,17,28.05
2016,2,18,28.05
2016,2,19,28.23
2016,2,20,27.75
2016,2,21,27.99
2016,2,22,28.33
2016,2,23,28.88
2016,2,24,28.7
2016,2,25,28.28
2016,2,26,28.93
2016,2,27,28.55
2016,2,28,28.35
2016,2,29,28.49
2016,3,1,27.85
2016,3,2,28.81
2016,3,3,28.51
2016,3,4,29.15
2016,3,5,29.63
2016,3,6,29.33
2016,3,7,29.01
2016,3,8,28.94
2016,3,9,29.22
2016,3,10,28.87
2016,3,11,30.15
2016,3,12,29.91
2016,3,13,29.34
2016,3,14,29.24
2016,3,15,28.7
2016,3,16,29.3
2016,3,17,29.12
2016,3,18,29.12
2016,3,19,29.08
2016,3,20,29.33
2016,3,21,29.26
2016,3,22,28.99
2016,3,23,28.86
2016,3,24,29.23
2016,3,25,30.05
2016,3,26,30.31
2016,3,27,30.49
2016,3,28,29.48
2016,3,29,29.67
2016,3,30,29.04
2016,3,31,29.09
2016,4,1,29.5
2016,4,2,29.72
2016,4,3,29.93
2016,4,4,29.51
2016,4,5,28.09
2016,4,6,29.34
2016,4,7,29.77
2016,4,8,30.13
2016,4,9,29.67
2016,4,10,30.45
2016,4,11,30.54
2016,4,12,29.62
2016,4,13,30.58
2016,4,14,30.95
2016,4,15,30.87
2016,4,16,30.4
2016,4,17,31.43
2016,4,18,30.45
2016,4,19,31.7
2016,4,20,31.12
2016,4,21,31.15
2016,4,22,30.47
2016,4,23,30.62
2016,4,24,30.61
2016,4,25,30.83
2016,4,26,31.07
2016,4,27,30.92
2016,4,28,29.48
2016,4,29,29.76
2016,4,30,29.51
2016,5,1,29.69
2016,5,2,31.45
2016,5,3,29.48
2016,5,4,30.73
2016,5,5,31.23
2016,5,6,31.33
2016,5,7,32.15
2016,5,8,30.99
2016,5,9,31.51
2016,5,10,30.55
2016,5,11,30.15
2016,5,12,31.3
2016,5,13,31.72
2016,5,14,32.1
2016,5,15,31.18
2016,5,16,30.58
2016,5,17,28.3
2016,5,18,27.58
2016,5,19,28.98
2016,5,20,28.53
2016,5,21,27.4
2016,5,22,26.19
2016,5,23,26.8
2016,5,24,25.59
2016,5,25,25.56
2016,5,26,25.68
2016,5,27,25.14
2016,5,28,25.56
2016,5,29,25.62
2016,5,30,25.31
2016,5,31,25.55
2016,6,1,25.62
2016,6,2,25.9
2016,6,3,25.65
2016,6,4,25.98
2016,6,5,26.23
2016,6,6,25.7
2016,6,7,25.75
2016,6,8,26.32
2016,6,9,26.53
2016,6,10,26.9
2016,6,11,26.63
2016,6,12,26.37
2016,6,13,26.33
2016,6,14,26.48
2016,6,15,25.25
2016,6,16,25.87
2016,6,17,25.58
2016,6,18,26.65
2016,6,19,26.71
2016,6,20,25.19
2016,6,21,24.94
2016,6,22,24.6
2016,6,23,24.28
2016,6,24,24.6
2016,6,25,24.7
2016,6,26,24.03
2016,6,27,23.6
2016,6,28,23.72
2016,6,29,24.9
2016,6,30,24.8
2016,7,1,25.15
2016,7,2,25.14
2016,7,3,25.04
2016,7,4,25.78
2016,7,5,25.19
2016,7,6,24.6
2016,7,7,25.29
2016,7,8,24.92
2016,7,9,25.05
2016,7,10,24.47
2016,7,11,24.23
2016,7,12,25.04
2016,7,13,25.69
2016,7,14,25.19
2016,7,15,25.65
2016,7,16,25.53
2016,7,17,25.64
2016,7,18,25.42
2016,7,19,25.19
2016,7,20,25.37
2016,7,21,25.26
2016,7,22,25.62
2016,7,23,25.69
2016,7,24,26.33
2016,7,25,24.81
2016,7,26,24.25
2016,7,27,24.25
2016,7,28,24.44
2016,7,29,24.55
2016,7,30,25.12
2016,7,31,24.99
2016,8,1,25.22
2016,8,2,24.37
2016,8,3,23.51
2016,8,4,25.23
2016,8,5,24.37
2016,8,6,25.23
2016,8,7,24.98
2016,8,8,25.72
2016,8,9,25.81
2016,8,10,25.24
2016,8,11,24.41
2016,8,12,25.05
2016,8,13,25.39
2016,8,14,25.26
2016,8,15,25.47
2016,8,16,25.49
2016,8,17,25.9
2016,8,18,25.43
2016,8,19,25.33
2016,8,20,26.09
2016,8,21,26.38
2016,8,22,24.83
2016,8,23,25.55
2016,8,24,24.81
2016,8,25,25.81
2016,8,26,25.27
2016,8,27,25.28
2016,8,28,25.5
2016,8,29,25.4
2016,8,30,25.14
2016,8,31,25.33
2016,9,1,25.56
2016,9,2,25.73
2016,9,3,25.78
2016,9,4,26.35
2016,9,5,25.55
2016,9,6,25.71
2016,9,7,25.54
2016,9,8,25.04
2016,9,9,25.47
2016,9,10,24.95
2016,9,11,23.75
2016,9,12,23.02
2016,9,13,23.63
2016,9,14,24.79
2016,9,15,25.1
2016,9,16,24.69
2016,9,17,25.44
2016,9,18,25.53
2016,9,19,25.88
2016,9,20,24.48
2016,9,21,25.13
2016,9,22,24.4
2016,9,23,24.69
2016,9,24,25.08
2016,9,25,25.45
2016,9,26,23.96
2016,9,27,24.79
2016,9,28,24.9
2016,9,29,25.55
2016,9,30,24.93
2016,10,1,24.9
2016,10,2,25.73
2016,10,3,24.62
2016,10,4,25.05
2016,10,5,24.94
2016,10,6,24.73
2016,10,7,24.02
2016,10,8,24.76
2016,10,9,25.01
2016,10,10,24.79
2016,10,11,25.68
2016,10,12,26.08
2016,10,13,26.01
2016,10,14,25.15
2016,10,15,25.01
2016,10,16,24.83
2016,10,17,25.44
2016,10,18,23.91
2016,10,19,24.19
2016,10,20,24.57
2016,10,21,24.58
2016,10,22,24.34
2016,10,23,24.41
2016,10,24,24.77
2016,10,25,24.53
2016,10,26,24.59
2016,10,27,25.19
2016,10,28,24.2
2016,10,29,24.05
2016,10,30,23.58
2016,10,31,24.98
2016,11,1,24.62
2016,11,2,24.74
2016,11,3,24.24
2016,11,4,24.3
2016,11,5,24.9
2016,11,6,24.16
2016,11,7,24.98
2016,11,8,25.04
2016,11,9,24.79
2016,11,10,24.42
2016,11,11,24.76
2016,11,12,25.01
2016,11,13,24.95
2016,11,14,24.97
2016,11,15,24.95
2016,11,16,24.67
2016,11,17,25.63
2016,11,18,25.76
2016,11,19,25.35
2016,11,20,25.72
2016,11,21,25.95
2016,11,22,24.59
2016,11,23,25.63
2016,11,24,25.38
2016,11,25,26.14
2016,11,26,25.2
2016,11,27,25.27
2016,11,28,25.58
2016,11,29,26.08
2016,11,30,25.9
2016,12,1,24.93
2016,12,2,25.1
2016,12,3,25.62
2016,12,4,24.58
2016,12,5,24.83
2016,12,6,24.32
2016,12,7,24.3
2016,12,8,23.94
2016,12,9,24.45
2016,12,10,25.23
2016,12,11,24.05
2016,12,12,24.06
2016,12,13,23.65
2016,12,14,24.98
2016,12,15,24.23
2016,12,16,23.68
2016,12,17,23.98
2016,12,18,23.59
2016,12,19,23.66
2016,12,20,24.8
2016,12,21,24.84
2016,12,22,24.61
2016,12,23,24.66
2016,12,24,24.92
2016,12,25,25.21
2016,12,26,24.45
2016,12,27,23.73
2016,12,28,23.48
2016,12,29,24.19
2016,12,30,24.07
2016,12,31,24.37
2017,1,1,25.17
2017,1,2,25.33
2017,1,3,25.1
2017,1,4,25.62
2017,1,5,26.17
2017,1,6,26.51
2017,1,7,25.15
2017,1,8,26.4
2017,1,9,26.81
2017,1,10,26.11
2017,1,11,26.02
2017,1,12,25.1
2017,1,13,26.04
2017,1,14,23.64
2017,1,15,23.65
2017,1,16,25.01
2017,1,17,24.63
2017,1,18,25.01
2017,1,19,25.18
2017,1,20,24.69
2017,1,21,24.94
2017,1,22,25.05
2017,1,23,25.12
2017,1,24,25.61
2017,1,25,25.4
2017,1,26,25.27
2017,1,27,24.27
2017,1,28,24.51
2017,1,29,25.09
2017,1,30,25.34
2017,1,31,25.24
2017,2,1,26.17
2017,2,2,24.48
2017,2,3,24.89
2017,2,4,26.05
2017,2,5,26.59
2017,2,6,24.51
2017,2,7,23.16
2017,2,8,24.19
2017,2,9,24.99
2017,2,10,25.49
2017,2,11,24.64
2017,2,12,24.26
2017,2,13,24.66
2017,2,14,24.73
2017,2,15,24.73
2017,2,16,23.77
2017,2,17,25.83
2017,2,18,27.24
2017,2,19,26.11
2017,2,20,26.67
2017,2,21,27.45
2017,2,22,27.89
2017,2,23,28.44
2017,2,24,28.19
2017,2,25,28.15
2017,2,26,26.78
2017,2,27,27.44
2017,2,28,28.04
2017,3,1,27.93
2017,3,2,27.14
2017,3,3,27.31
2017,3,4,26.87
2017,3,5,26.91
2017,3,6,27.2
2017,3,7,26.73
2017,3,8,26.35
2017,3,9,26.96
2017,3,10,27.8
2017,3,11,28.06
2017,3,12,27.96
2017,3,13,28.07
2017,3,14,27.63
2017,3,15,28.65
2017,3,16,28.02
2017,3,17,28.51
2017,3,18,28.5
2017,3,19,27.38
2017,3,20,29.27
2017,3,21,28.74
2017,3,22,28.6
2017,3,23,28.86
2017,3,24,29.08
2017,3,25,28.88
2017,3,26,28.71
2017,3,27,29.23
2017,3,28,29.51
2017,3,29,27.94
2017,3,30,28.69
2017,3,31,28.98
2017,4,1,26.48
2017,4,2,27.08
2017,4,3,26.79
2017,4,4,27.66
2017,4,5,26.63
2017,4,6,26.33
2017,4,7,27.47
2017,4,8,29.16
2017,4,9,29.35
2017,4,10,29.3
2017,4,11,30.11
2017,4,12,29.96
2017,4,13,30.02
2017,4,14,29.92
2017,4,15,29.51
2017,4,16,30.37
2017,4,17,29.91
2017,4,18,29.35
2017,4,19,29.85
2017,4,20,29.98
2017,4,21,30.25
2017,4,22,28.75
2017,4,23,27.73
2017,4,24,28.93
2017,4,25,27.98
2017,4,26,29.62
2017,4,27,27.37
2017,4,28,28.83
2017,4,29,28.09
2017,4,30,27.65
2017,5,1,27.72
2017,5,2,26.91
2017,5,3,29.22
2017,5,4,28.86
2017,5,5,27.38
2017,5,6,27.06
2017,5,7,28.3
2017,5,8,28.83
2017,5,9,28.59
2017,5,10,28.2
2017,5,11,28.56
2017,5,12,29.98
2017,5,13,29.57
2017,5,14,26.26
2017,5,15,27.48
2017,5,16,25.81
2017,5,17,26.74
2017,5,18,26.65
2017,5,19,25.87
2017,5,20,26.26
2017,5,21,26.7
2017,5,22,26.64
2017,5,23,27.08
2017,5,24,27.21
2017,5,25,28.02
2017,5,26,27.12
2017,5,27,26.32
2017,5,28,26.4
2017,5,29,26.01
2017,5,30,25.87
2017,5,31,27.23
2017,6,1,27.22
2017,6,2,27.73
2017,6,3,26.48
2017,6,4,26.08
2017,6,5,26.26
2017,6,6,25.37
2017,6,7,25.37
2017,6,8,26.37
2017,6,9,27.56
2017,6,10,24.99
2017,6,11,25.49
2017,6,12,25.52
2017,6,13,27.52
2017,6,14,26.19
2017,6,15,27.37
2017,6,16,27.89
2017,6,17,26.2
2017,6,18,26.37
2017,6,19,27.15
2017,6,20,26.11
2017,6,21,25.34
2017,6,22,24.2
2017,6,23,25.37
2017,6,24,24.41
2017,6,25,25.23
2017,6,26,25.08
2017,6,27,25.32
2017,6,28,24.73
2017,6,29,25.3
2017,6,30,25.12
2017,7,1,25.05
2017,7,2,25.22
2017,7,3,25.52
2017,7,4,25.01
2017,7,5,24.34
2017,7,6,24.3
2017,7,7,24.64
2017,7,8,25.21
2017,7,9,25.08
2017,7,10,24.9
2017,7,11,24.4
2017,7,12,24.5
2017,7,13,24.26
2017,7,14,23.59
2017,7,15,23.96
2017,7,16,23.96
2017,7,17,23.44
2017,7,18,24.48
2017,7,19,24.01
2017,7,20,24.01
2017,7,21,23.44
2017,7,22,24.46
2017,7,23,24.67
2017,7,24,24.4
2017,7,25,23.54
2017,7,26,24.51
2017,7,27,24.67
2017,7,28,25.14
2017,7,29,25.69
2017,7,30,25.78
2017,7,31,25.67
2017,8,1,26.16
2017,8,2,25.62
2017,8,3,25.8
2017,8,4,24.94
2017,8,5,24.22
2017,8,6,25.11
2017,8,7,25.49
2017,8,8,25.56
2017,8,9,25.22
2017,8,10,25.06
2017,8,11,25.74
2017,8,12,25.94
2017,8,13,25.54
2017,8,14,25.41
2017,8,15,25.12
2017,8,16,24.83
2017,8,17,24.35
2017,8,18,22.83
2017,8,19,24.55
2017,8,20,24.77
2017,8,21,24.9
2017,8,22,24.47
2017,8,23,23.95
2017,8,24,25.26
2017,8,25,24.74
2017,8,26,24.15
2017,8,27,23.96
2017,8,28,24.98
2017,8,29,25.28
2017,8,30,24.69
2017,8,31,25.26
2017,9,1,25.28
2017,9,2,25.68
2017,9,3,25.91
2017,9,4,25.53
2017,9,5,25.68
2017,9,6,25.64
2017,9,7,25.53
2017,9,8,25.83
2017,9,9,26.31
2017,9,10,26.21
2017,9,11,25.6
2017,9,12,26.14
2017,9,13,25.64
2017,9,14,25.29
2017,9,15,25.18
2017,9,16,25.16
2017,9,17,25.49
2017,9,18,26.22
2017,9,19,26.16
2017,9,20,25.55
2017,9,21,25.3
2017,9,22,24.46
2017,9,23,24.55
2017,9,24,24.37
2017,9,25,24.78
2017,9,26,24.76
2017,9,27,25.7
2017,9,28,25.15
2017,9,29,25.73
2017,9,30,24.88
2017,10,1,25.04
2017,10,2,23.83
2017,10,3,23.64
2017,10,4,24.76
2017,10,5,25.18
2017,10,6,25.46
2017,10,7,25.08
2017,10,8,26.06
2017,10,9,24.69
2017,10,10,25.44
2017,10,11,24.73
2017,10,12,25.05
2017,10,13,25.01
2017,10,14,24.01
2017,10,15,24.48
2017,10,16,24.4
2017,10,17,23.58
2017,10,18,24.48
2017,10,19,24.62
2017,10,20,25.05
2017,10,21,24.52
2017,10,22,24.53
2017,10,23,24.34
2017,10,24,25.19
2017,10,25,25.25
2017,10,26,24.19
2017,10,27,24.69
2017,10,28,24.15
2017,10,29,23.88
2017,10,30,23.87
2017,10,31,24.05
2017,11,1,24.72
2017,11,2,24.43
2017,11,3,23.83
2017,11,4,22.34
2017,11,5,25.03
2017,11,6,25.05
2017,11,7,24.69
2017,11,8,25.33
2017,11,9,25.71
2017,11,10,24.94
2017,11,11,24.71
2017,11,12,25.16
2017,11,13,24.73
2017,11,14,25.24
2017,11,15,25.18
2017,11,16,25.35
2017,11,17,25.58
2017,11,18,25.7
2017,11,19,24.14
2017,11,20,24.6
2017,11,21,25.37
2017,11,22,26.02
2017,11,23,25.26
2017,11,24,25.44
2017,11,25,25.27
2017,11,26,25.34
2017,11,27,25.74
2017,11,28,23.86
2017,11,29,23.45
2017,11,30,23.92
2017,12,1,24.67
2017,12,2,24.72
2017,12,3,24.73
2017,12,4,25.23
2017,12,5,24.57
2017,12,6,24.63
2017,12,7,25.06
2017,12,8,23.71
2017,12,9,22.37
2017,12,10,21.65
2017,12,11,22.96
2017,12,12,23.65
2017,12,13,24.38
2017,12,14,24.44
2017,12,15,24.58
2017,12,16,24.28
2017,12,17,22.59
2017,12,18,20.72
2017,12,19,20.05
2017,12,20,19.02
2017,12,21,22.5
2017,12,22,23.98
2017,12,23,24.58
2017,12,24,23.19
2017,12,25,23.21
2017,12,26,23.92
2017,12,27,24.56
2017,12,28,25.57
2017,12,29,25.42
2017,12,30,25.12
2017,12,31,23.5
2018,1,1,23.12
2018,1,2,23.8
2018,1,3,25.55
2018,1,4,26.12
2018,1,5,26.7
2018,1,6,26.27
2018,1,7,25.89
2018,1,8,26.72
2018,1,9,27.19
2018,1,10,25.02
2018,1,11,23.77
2018,1,12,23.02
2018,1,13,23.2
2018,1,14,23.75
2018,1,15,24.12
2018,1,16,24.77
2018,1,17,25.15
2018,1,18,25.29
2018,1,19,24.24
2018,1,20,24.65
2018,1,21,24.98
2018,1,22,25.46
2018,1,23,25.8
2018,1,24,26.11
2018,1,25,26.15
2018,1,26,25.99
2018,1,27,26.12
2018,1,28,27.41
2018,1,29,26.67
2018,1,30,26.33
2018,1,31,26.88
2018,2,1,26.55
2018,2,2,26.01
2018,2,3,24.15
2018,2,4,23.01
2018,2,5,22.88
2018,2,6,21.76
2018,2,7,21.83
2018,2,8,22.55
2018,2,9,23.76
2018,2,10,24.32
2018,2,11,24.69
2018,2,12,24.49
2018,2,13,24.8
2018,2,14,25.65
2018,2,15,26.3
2018,2,16,26.48
2018,2,17,27.15
2018,2,18,27.09
2018,2,19,27.69
2018,2,20,27.65
2018,2,21,27.23
2018,2,22,28.06
2018,2,23,28.62
2018,2,24,28.01
2018,2,25,28.04
2018,2,26,27.58
2018,2,27,27.35
2018,2,28,28.08
2018,3,1,28.52
2018,3,2,27.48
2018,3,3,27.82
2018,3,4,28.55
2018,3,5,28.85
2018,3,6,28.9
2018,3,7,28.97
2018,3,8,28.85
2018,3,9,27.9
2018,3,10,26.96
2018,3,11,27.53
2018,3,12,28.25
2018,3,13,28.26
2018,3,14,28.32
2018,3,15,28.32
2018,3,16,26.98
2018,3,17,28.69
2018,3,18,29.61
2018,3,19,28.94
2018,3,20,28.52
2018,3,21,27.3
2018,3,22,28.04
2018,3,23,27.54
2018,3,24,29.4
2018,3,25,28.69
2018,3,26,28.94
2018,3,27,27.77
2018,3,28,28.08
2018,3,29,28
2018,3,30,27.43
2018,3,31,28.12
2018,4,1,28.34
2018,4,2,27.72
2018,4,3,27.95
2018,4,4,28.41
2018,4,5,28.69
2018,4,6,29.1
2018,4,7,29.03
2018,4,8,28.78
2018,4,9,29.87
2018,4,10,30.48
2018,4,11,30.82
2018,4,12,31.33
2018,4,13,31.02
2018,4,14,31.4
2018,4,15,30.87
2018,4,16,31.38
2018,4,17,30
2018,4,18,30.05
2018,4,19,28.87
2018,4,20,29.79
2018,4,21,29.98
2018,4,22,29.76
2018,4,23,29.17
2018,4,24,27.99
2018,4,25,29.09
2018,4,26,28.87
2018,4,27,30.19
2018,4,28,30.23
2018,4,29,29.15
2018,4,30,27.2
2018,5,1,28.04
2018,5,2,27.95
2018,5,3,28.24
2018,5,4,26.83
2018,5,5,27.85
2018,5,6,27.58
2018,5,7,28.47
2018,5,8,28.08
2018,5,9,27.09
2018,5,10,27.7
2018,5,11,28.26
2018,5,12,29.12
2018,5,13,28.53
2018,5,14,29.4
2018,5,15,27.7
2018,5,16,27.58
2018,5,17,27.65
2018,5,18,27.54
2018,5,19,27.67
2018,5,20,26.75
2018,5,21,27.54
2018,5,22,25.71
2018,5,23,27.35
2018,5,24,26.24
2018,5,25,27.15
2018,5,26,27.44
2018,5,27,27
2018,5,28,26.51
2018,5,29,25.96
2018,5,30,27.13
2018,5,31,26.98
2018,6,1,25.89
2018,6,2,25.51
2018,6,3,23.9
2018,6,4,23.84
2018,6,5,24.65
2018,6,6,25.97
2018,6,7,25.2
2018,6,8,24.23
2018,6,9,24.31
2018,6,10,24.72
2018,6,11,24.11
2018,6,12,24.05
2018,6,13,24.98
2018,6,14,25.23
2018,6,15,24.76
2018,6,16,24.08
2018,6,17,24.5
2018,6,18,24.81
2018,6,19,25.12
2018,6,20,25.44
2018,6,21,25.01
2018,6,22,25.39
2018,6,23,24.84
2018,6,24,25.26
2018,6,25,24.38
2018,6,26,24.48
2018,6,27,24.68
2018,6,28,25.22
2018,6,29,25.15
2018,6,30,24.94
2018,7,1,24.78
2018,7,2,24.52
2018,7,3,25.08
2018,7,4,24.73
2018,7,5,24.85
2018,7,6,24.55
2018,7,7,24.33
2018,7,8,24.03
2018,7,9,24.72
2018,7,10,24.51
2018,7,11,24.26
2018,7,12,24.33
2018,7,13,24.24
2018,7,14,23.88
2018,7,15,22.81
2018,7,16,24.19
2018,7,17,24.01
2018,7,18,24.66
2018,7,19,24.74
2018,7,20,24.6
2018,7,21,24.85
2018,7,22,24.82
2018,7,23,24.51
2018,7,24,24.98
2018,7,25,25.03
2018,7,26,25.68
2018,7,27,24.9
2018,7,28,24.89
2018,7,29,24.98
2018,7,30,24.98
2018,7,31,25.32
2018,8,1,25.23
2018,8,2,24.94
2018,8,3,23.69
2018,8,4,24.15
2018,8,5,24
2018,8,6,23.73
2018,8,7,24.01
2018,8,8,24.09
2018,8,9,23.48
2018,8,10,23.84
2018,8,11,24.26
2018,8,12,24.44
2018,8,13,24.37
2018,8,14,23.89
2018,8,15,24.23
2018,8,16,24.57
2018,8,17,24.72
2018,8,18,24.8
2018,8,19,24.52
2018,8,20,24.51
2018,8,21,24.83
2018,8,22,25.17
2018,8,23,24.95
2018,8,24,24.64
2018,8,25,24.94
2018,8,26,24.4
2018,8,27,23.87
2018,8,28,24.51
2018,8,29,24.97
2018,8,30,24.96
2018,8,31,25.18
2018,9,1,24.6
2018,9,2,25.2
2018,9,3,23.75
2018,9,4,23.95
2018,9,5,24.69
2018,9,6,24.69
2018,9,7,24.26
2018,9,8,24.47
2018,9,9,24.95
2018,9,10,25.09
2018,9,11,24.36
2018,9,12,23.99
2018,9,13,24.25
2018,9,14,23.63
2018,9,15,24.26
2018,9,16,24.36
2018,9,17,24.07
2018,9,18,23.48
2018,9,19,25.33
2018,9,20,25.42
2018,9,21,25.32
2018,9,22,24.66
2018,9,23,24.39
2018,9,24,24.4
2018,9,25,24.76
2018,9,26,25.87
2018,9,27,25.39
2018,9,28,25.4
2018,9,29,26.26
2018,9,30,25.33
2018,10,1,24.48
2018,10,2,25.18
2018,10,3,25.11
2018,10,4,24.8
2018,10,5,24.15
2018,10,6,25.27
2018,10,7,25.47
2018,10,8,25.83
2018,10,9,24.54
2018,10,10,25.59
2018,10,11,26.07
2018,10,12,25.88
2018,10,13,25.23
2018,10,14,25.26
2018,10,15,25.08
2018,10,16,25.5
2018,10,17,25.37
2018,10,18,24.69
2018,10,19,24.26
2018,10,20,23.83
2018,10,21,25.07
2018,10,22,25.09
2018,10,23,24.98
2018,10,24,24.15
2018,10,25,25.42
2018,10,26,25.61
2018,10,27,25.79
2018,10,28,25.4
2018,10,29,25.16
2018,10,30,23.22
2018,10,31,22.8
2018,11,1,23.95
2018,11,2,24.31
2018,11,3,25.59
2018,11,4,25.27
2018,11,5,25.68
2018,11,6,25.15
2018,11,7,23.87
2018,11,8,24.21
2018,11,9,25.15
2018,11,10,25.15
2018,11,11,25.35
2018,11,12,25.19
2018,11,13,24.94
2018,11,14,24.35
2018,11,15,25.63
2018,11,16,25.8
2018,11,17,25.23
2018,11,18,24.22
2018,11,19,23.74
2018,11,20,24.58
2018,11,21,24.01
2018,11,22,24.21
2018,11,23,24.74
2018,11,24,23.86
2018,11,25,23.87
2018,11,26,24.12
2018,11,27,24.41
2018,11,28,25.4
2018,11,29,24.85
2018,11,30,23.83
2018,12,1,25.06
2018,12,2,25.4
2018,12,3,25.16
2018,12,4,25.12
2018,12,5,24.15
2018,12,6,25.58
2018,12,7,24.94
2018,12,8,24.33
2018,12,9,25.26
2018,12,10,25.46
2018,12,11,25.39
2018,12,12,25.19
2018,12,13,25.08
2018,12,14,25.27
2018,12,15,25.45
2018,12,16,24.6
2018,12,17,24.63
2018,12,18,24.9
2018,12,19,25.04
2018,12,20,25.51
2018,12,21,24.73
2018,12,22,23.76
2018,12,23,24.4
2018,12,24,24.58
2018,12,25,25.37
2018,12,26,25.73
2018,12,27,24.09
2018,12,28,23.31
2018,12,29,23.81
2018,12,30,23.73
2018,12,31,23.84
2019,1,1,23.26
2019,1,2,22.89
2019,1,3,24.35
2019,1,4,24.07
2019,1,5,24.57
2019,1,6,24.77
2019,1,7,23.76
2019,1,8,24.01
2019,1,9,24.75
2019,1,10,24.86
2019,1,11,24.41
2019,1,12,25.39
2019,1,13,25.03
2019,1,14,23.64
2019,1,15,25.06
2019,1,16,25.22
2019,1,17,25.28
2019,1,18,24.73
2019,1,19,24.9
2019,1,20,26.05
2019,1,21,25.48
2019,1,22,24.86
2019,1,23,23.84
2019,1,24,22.79
2019,1,25,22.71
2019,1,26,23.26
2019,1,27,23.79
2019,1,28,23.97
2019,1,29,24.8
2019,1,30,25.38
2019,1,31,24.78
2019,2,1,25.83
2019,2,2,25.8
2019,2,3,27.15
2019,2,4,27.27
2019,2,5,26.74
2019,2,6,26.25
2019,2,7,27
2019,2,8,26.87
2019,2,9,26.42
2019,2,10,25.01
2019,2,11,25.65
2019,2,12,26.06
2019,2,13,26.02
2019,2,14,26.27
2019,2,15,25.58
2019,2,16,26.08
2019,2,17,26.31
2019,2,18,26.33
2019,2,19,27.16
2019,2,20,27.6
2019,2,21,28.58
2019,2,22,28.1
2019,2,23,27.11
2019,2,24,27.51
2019,2,25,27.12
2019,2,26,26.76
2019,2,27,27.49
2019,2,28,26.9
2019,3,1,27.07
2019,3,2,26.42
2019,3,3,26.57
2019,3,4,26.39
2019,3,5,25.87
2019,3,6,27.4
2019,3,7,28.12
2019,3,8,27.87
2019,3,9,27.76
2019,3,10,28
2019,3,11,28.47
2019,3,12,28.18
2019,3,13,28.24
2019,3,14,28.34
2019,3,15,28.39
2019,3,16,28.51
2019,3,17,29.26
2019,3,18,28.45
2019,3,19,28.9
2019,3,20,28.85
2019,3,21,28.94
2019,3,22,28.2
2019,3,23,28.45
2019,3,24,28.48
2019,3,25,29.86
2019,3,26,30.03
2019,3,27,29.45
2019,3,28,29.43
2019,3,29,28.67
2019,3,30,27.92
2019,3,31,28.13
2019,4,1,29.04
2019,4,2,29.18
2019,4,3,28.44
2019,4,4,27.16
2019,4,5,28.05
2019,4,6,29.05
2019,4,7,29.3
2019,4,8,29.38
2019,4,9,29.76
2019,4,10,29.98
2019,4,11,30.12
2019,4,12,27.3
2019,4,13,25.65
2019,4,14,28.01
2019,4,15,28.2
2019,4,16,28.61
2019,4,17,27.95
2019,4,18,28.23
2019,4,19,28.15
2019,4,20,29.1
2019,4,21,29.71
2019,4,22,30.11
2019,4,23,30.82
2019,4,24,31.6
2019,4,25,31.48
2019,4,26,31.3
2019,4,27,29.65
2019,4,28,27.09
2019,4,29,29.29
2019,4,30,30.13
2019,5,1,27.75
2019,5,2,26.57
2019,5,3,26.59
2019,5,4,27.55
2019,5,5,28.07
2019,5,6,28.3
2019,5,7,28.19
2019,5,8,27.49
2019,5,9,26.54
2019,5,10,25.4
2019,5,11,26.66
2019,5,12,26.44
2019,5,13,27.06
2019,5,14,27.3
2019,5,15,27.73
2019,5,16,26.66
2019,5,17,27.01
2019,5,18,27.64
2019,5,19,27.01
2019,5,20,26.97
2019,5,21,26.87
2019,5,22,26.74
2019,5,23,26.83
2019,5,24,26.66
2019,5,25,26.4
2019,5,26,25.73
2019,5,27,25.69
2019,5,28,26.63
2019,5,29,26.64
2019,5,30,26.4
2019,5,31,26.78
2019,6,1,26.74
2019,6,2,26.49
2019,6,3,26.31
2019,6,4,26.53
2019,6,5,26.34
2019,6,6,24.65
2019,6,7,24.68
2019,6,8,25.73
2019,6,9,25.55
2019,6,10,25.62
2019,6,11,25.66
2019,6,12,25.98
2019,6,13,25.87
2019,6,14,25.99
2019,6,15,26.33
2019,6,16,26
2019,6,17,25.28
2019,6,18,25.28
2019,6,19,25.9
2019,6,20,25.3
2019,6,21,26.37
2019,6,22,26.01
2019,6,23,25.34
2019,6,24,25.51
2019,6,25,25.65
2019,6,26,25.88
2019,6,27,25.08
2019,6,28,25.16
2019,6,29,25.01
2019,6,30,25.13
2019,7,1,23.9
2019,7,2,22.55
2019,7,3,23.32
2019,7,4,23.78
2019,7,5,24.85
2019,7,6,25.31
2019,7,7,25.42
2019,7,8,24.7
2019,7,9,25.05
2019,7,10,25.31
2019,7,11,25.04
2019,7,12,24.98
2019,7,13,25.09
2019,7,14,25.28
2019,7,15,25.08
2019,7,16,24.48
2019,7,17,24.47
2019,7,18,24.54
2019,7,19,25.27
2019,7,20,25.56
2019,7,21,25.69
2019,7,22,25.26
2019,7,23,24.55
2019,7,24,25.09
2019,7,25,24.25
2019,7,26,24.32
2019,7,27,24.48
2019,7,28,23.85
2019,7,29,24.56
2019,7,30,24.65
2019,7,31,24.88
2019,8,1,24.89
2019,8,2,24.1
2019,8,3,24.5
2019,8,4,24.36
2019,8,5,24.48
2019,8,6,23.73
2019,8,7,23.95
2019,8,8,23.84
2019,8,9,24.65
2019,8,10,24.45
2019,8,11,24.94
2019,8,12,25.16
2019,8,13,25.85
2019,8,14,25.51
2019,8,15,25.71
2019,8,16,25.77
2019,8,17,24.85
2019,8,18,25.57
2019,8,19,25.54
2019,8,20,24.98
2019,8,21,25.07
2019,8,22,25.19
2019,8,23,25.35
2019,8,24,25.41
2019,8,25,25.12
2019,8,26,24.97
2019,8,27,25.48
2019,8,28,24.94
2019,8,29,24.52
2019,8,30,24.44
2019,8,31,24.76
2019,9,1,24.64
2019,9,2,24.3
2019,9,3,23.4
2019,9,4,23.66
2019,9,5,24.76
2019,9,6,24.4
2019,9,7,25.12
2019,9,8,24.71
2019,9,9,24.61
2019,9,10,24.75
2019,9,11,24.95
2019,9,12,25.19
2019,9,13,23.99
2019,9,14,23.81
2019,9,15,23.59
2019,9,16,24.85
2019,9,17,24.64
2019,9,18,23.92
2019,9,19,24.06
2019,9,20,24.55
2019,9,21,23.91
2019,9,22,24.16
2019,9,23,24.98
2019,9,24,25.7
2019,9,25,26.26
2019,9,26,25.66
2019,9,27,25.8
2019,9,28,26.01
2019,9,29,25.62
2019,9,30,25.39
2019,10,1,24.78
2019,10,2,25.11
2019,10,3,25.22
2019,10,4,24.44
2019,10,5,25.03
2019,10,6,25.03
2019,10,7,24.82
2019,10,8,26.09
2019,10,9,25.46
2019,10,10,25.67
2019,10,11,25.49
2019,10,12,25.6
2019,10,13,25.99
2019,10,14,25.45
2019,10,15,25.46
2019,10,16,25.66
2019,10,17,25.63
2019,10,18,25.44
2019,10,19,25.03
2019,10,20,25.64
2019,10,21,25.8
2019,10,22,25.54
2019,10,23,25.62
2019,10,24,25.8
2019,10,25,25.24
2019,10,26,25.62
2019,10,27,25.64
2019,10,28,25.69
2019,10,29,24.83
2019,10,30,23.83
2019,10,31,24.16
2019,11,1,24.84
2019,11,2,24.23
2019,11,3,24.14
2019,11,4,23.72
2019,11,5,24.52
2019,11,6,24.31
2019,11,7,24.94
2019,11,8,23.98
2019,11,9,22.58
2019,11,10,20.81
2019,11,11,20.45
2019,11,12,23.02
2019,11,13,24.6
2019,11,14,23.9
2019,11,15,22.87
2019,11,16,24.16
2019,11,17,25.12
2019,11,18,25.3
2019,11,19,23.19
2019,11,20,22.75
2019,11,21,23.2
2019,11,22,23.62
2019,11,23,24.34
2019,11,24,25.23
2019,11,25,25.06
2019,11,26,24.8
2019,11,27,24.7
2019,11,28,24.32
2019,11,29,25.3
2019,11,30,24.97
2019,12,1,24.1
2019,12,2,23.11
2019,12,3,21.92
2019,12,4,21.13
2019,12,5,21.14
2019,12,6,20.37
2019,12,7,20.36
2019,12,8,20.97
2019,12,9,21.58
2019,12,10,22.17
2019,12,11,22.05
2019,12,12,22.87
2019,12,13,22.85
2019,12,14,23.75
2019,12,15,23.72
2019,12,16,24.3
2019,12,17,24.13
2019,12,18,24.8
2019,12,19,24.66
2019,12,20,23.81
2019,12,21,23.56
2019,12,22,24.34
2019,12,23,24.59
2019,12,24,23.95
2019,12,25,22.93
2019,12,26,23.3
2019,12,27,22.32
2019,12,28,21.84
2019,12,29,24.34
2019,12,30,25.15
2019,12,31,23.98
2020,1,1,23.62
2020,1,2,24.81
2020,1,3,23.52
2020,1,4,23.58
2020,1,5,22.8
2020,1,6,24.13
2020,1,7,25.65
2020,1,8,25.55
2020,1,9,25.69
2020,1,10,24.89
2020,1,11,24.6
2020,1,12,24.38
2020,1,13,24.17
2020,1,14,23.97
2020,1,15,24.05
2020,1,16,24.87
2020,1,17,25.8
2020,1,18,25.64
2020,1,19,25.36
2020,1,20,25.81
2020,1,21,25.77
2020,1,22,26.01
2020,1,23,25.54
2020,1,24,24.38
2020,1,25,25.09
2020,1,26,25.87
2020,1,27,25.36
2020,1,28,25.38
2020,1,29,25.56
2020,1,30,24.91
2020,1,31,24.59
2020,2,1,24.73
2020,2,2,24.07
2020,2,3,23.51
2020,2,4,24.93
2020,2,5,24.3
2020,2,6,24.04
2020,2,7,23.57
2020,2,8,25.41
2020,2,9,25.93
2020,2,10,26.51
2020,2,11,27.04
2020,2,12,27.83
2020,2,13,27.97
2020,2,14,27.49
2020,2,15,27.22
2020,2,16,28.18
2020,2,17,27.4
2020,2,18,26.49
2020,2,19,25.85
2020,2,20,26.05
2020,2,21,26.29
2020,2,22,25.7
2020,2,23,25.57
2020,2,24,25.97
2020,2,25,26.86
2020,2,26,28.03
2020,2,27,28.06
2020,2,28,26.95
2020,2,29,28.12
2020,3,1,28.71
2020,3,2,28.81
2020,3,3,28.87
2020,3,4,28.51
2020,3,5,28.86
2020,3,6,27.9
2020,3,7,29.17
2020,3,8,29.35
2020,3,9,29.04
2020,3,10,29.45
2020,3,11,29.58
2020,3,12,29.65
2020,3,13,30.04
2020,3,14,29.61
2020,3,15,29.68
2020,3,16,29.59
2020,3,17,29.55
2020,3,18,29.08
2020,3,19,29.16
2020,3,20,27.98
2020,3,21,28.05
2020,3,22,29.05
2020,3,23,28.77
2020,3,24,28.87
2020,3,25,29.45
2020,3,26,29.17
2020,3,27,29.11
2020,3,28,28.68
2020,3,29,29.4
2020,3,30,29.46
2020,3,31,29.64
2020,4,1,30.08
2020,4,2,29.84
2020,4,3,30.23
2020,4,4,30.65
2020,4,5,30.69
2020,4,6,30.28
2020,4,7,28.51
2020,4,8,28.74
2020,4,9,28.45
2020,4,10,28.58
2020,4,11,29.83
2020,4,12,29.48
2020,4,13,27.73
2020,4,14,28.49
2020,4,15,29.19
2020,4,16,28.77
2020,4,17,30.12
2020,4,18,30.06
2020,4,19,30.05
2020,4,20,30.89
2020,4,21,30.12
2020,4,22,30.12
2020,4,23,30.73
2020,4,24,29.89
2020,4,25,30.3
2020,4,26,29.21
2020,4,27,29.36
2020,4,28,30.47
2020,4,29,31.3
2020,4,30,31.44
2020,5,1,31.14
2020,5,2,30.53
2020,5,3,30.73
2020,5,4,29.94
2020,5,5,30.64
2020,5,6,30.58
2020,5,7,30.8
2020,5,8,31.3
2020,5,9,32.27
2020,5,10,31.55
2020,5,11,32.06
2020,5,12,30.94
2020,5,13,30.87
2020,5,14,31.32
2020,5,15,30.63
2020,5,16,28.55
2020,5,17,27.33
2020,5,18,29.09
2020,5,19,27.66
2020,5,20,28.95
2020,5,21,28.26
2020,5,22,28.55
2020,5,23,26.75
2020,5,24,27.35
2020,5,25,26.56
2020,5,26,27.09
2020,5,27,26.62
2020,5,28,25.8
2020,5,29,25.92
2020,5,30,25.58
2020,5,31,26.57
2020,6,1,26.29
2020,6,2,25.38
2020,6,3,26.13
2020,6,4,25.8
2020,6,5,26.3
2020,6,6,26.25
2020,6,7,26.44
2020,6,8,26.66
2020,6,9,26.2
2020,6,10,25.75
2020,6,11,25.84
2020,6,12,25.66
2020,6,13,26.04
2020,6,14,25.18
2020,6,15,24.98
2020,6,16,25.65
2020,6,17,25.18
2020,6,18,25.36
2020,6,19,25.83
2020,6,20,25.34
2020,6,21,25.23
2020,6,22,25.56
2020,6,23,25.98
2020,6,24,25.73
2020,6,25,24.98
2020,6,26,24.97
2020,6,27,25.09
2020,6,28,24.66
2020,6,29,23.76
2020,6,30,23.86
2020,7,1,23.7
2020,7,2,23.88
2020,7,3,24.71
2020,7,4,24.16
2020,7,5,24.71
2020,7,6,24.96
2020,7,7,24.87
2020,7,8,24.76
2020,7,9,25.19
2020,7,10,25.03
2020,7,11,25.29
2020,7,12,25.12
2020,7,13,24.76
2020,7,14,25.65
2020,7,15,25.64
2020,7,16,25.36
2020,7,17,24.94
2020,7,18,25.18
2020,7,19,25.94
2020,7,20,25.31
2020,7,21,25.43
2020,7,22,25.73
2020,7,23,25.03
2020,7,24,24.58
2020,7,25,24.79
2020,7,26,24.83
2020,7,27,25.33
2020,7,28,25.93
2020,7,29,25.58
2020,7,30,24.97
2020,7,31,24.55
2020,8,1,24.1
2020,8,2,24.42
2020,8,3,24.52
2020,8,4,24.94
2020,8,5,24.76
2020,8,6,24.05
2020,8,7,25.17
2020,8,8,24.7
2020,8,9,24.99
2020,8,10,24.74
2020,8,11,25.12
2020,8,12,25.05
2020,8,13,24.55
2020,8,14,24.19
2020,8,15,25.05
2020,8,16,25.29
2020,8,17,24.52
2020,8,18,24.53
2020,8,19,23.65
2020,8,20,24.44
2020,8,21,25.08
2020,8,22,24.87
2020,8,23,25.12
2020,8,24,25.11
2020,8,25,25.59
2020,8,26,25.88
2020,8,27,25.8
2020,8,28,25.4
2020,8,29,25.11
2020,8,30,25.3
2020,8,31,25.34
2020,9,1,25.08
2020,9,2,24.71
2020,9,3,25.85
2020,9,4,25.56
2020,9,5,26.05
2020,9,6,25.13
2020,9,7,25.48
2020,9,8,25.53
2020,9,9,25.62
2020,9,10,25.51
2020,9,11,25.15
2020,9,12,25.19
2020,9,13,24.98
2020,9,14,25.13
2020,9,15,25
2020,9,16,24.87
2020,9,17,24.33
2020,9,18,24.22
2020,9,19,23.9
2020,9,20,24.16
2020,9,21,25.94
2020,9,22,25.57
2020,9,23,25.15
2020,9,24,25.24
2020,9,25,24.2
2020,9,26,23.79
2020,9,27,23.4
2020,9,28,24.46
2020,9,29,24.19
2020,9,30,24.44
2020,10,1,25.12
2020,10,2,25.06
2020,10,3,24.56
2020,10,4,24.25
2020,10,5,24.08
2020,10,6,24.33
2020,10,7,24.47
2020,10,8,24.57
2020,10,9,24
2020,10,10,24.06
2020,10,11,23.93
2020,10,12,23.74
2020,10,13,24.26
2020,10,14,24.21
2020,10,15,24.55
2020,10,16,23.72
2020,10,17,23.73
2020,10,18,23.88
2020,10,19,24.01
2020,10,20,24.97
2020,10,21,24.87
2020,10,22,24.76
2020,10,23,24.66
2020,10,24,24.62
2020,10,25,24.21
2020,10,26,24.52
2020,10,27,23.54
2020,10,28,22.94
2020,10,29,23.57
2020,10,30,24.9
2020,10,31,25.83
2020,11,1,25.56
2020,11,2,23.72
2020,11,3,24.33
2020,11,4,24.44
2020,11,5,24.91
2020,11,6,24.67
2020,11,7,25.36
2020,11,8,24.41
2020,11,9,23.92
2020,11,10,21.99
2020,11,11,23.85
2020,11,12,24.86
2020,11,13,24.18
2020,11,14,24.35
2020,11,15,24.99
2020,11,16,25.31
2020,11,17,25.35
2020,11,18,25.4
2020,11,19,25.27
2020,11,20,25.62
2020,11,21,25.69
2020,11,22,24.87
2020,11,23,24.62
2020,11,24,24.25
2020,11,25,24.06
2020,11,26,23.25
2020,11,27,23.73
2020,11,28,23.97
2020,11,29,23.41
2020,11,30,23.72
2020,12,1,24.12
2020,12,2,23.63
2020,12,3,21.9
2020,12,4,21.49
2020,12,5,22.41
2020,12,6,23.11
2020,12,7,23.33
2020,12,8,23.29
2020,12,9,23.11
2020,12,10,23.86
2020,12,11,24.43
2020,12,12,23.81
2020,12,13,24.13
2020,12,14,25.59
2020,12,15,24.86
2020,12,16,24.44
2020,12,17,24.6
2020,12,18,23.64
2020,12,19,23.26
2020,12,20,20.65
2020,12,21,20.79
2020,12,22,20.82
2020,12,23,22.35
2020,12,24,23.84
2020,12,25,23.87
2020,12,26,24.08
2020,12,27,24.21
2020,12,28,23.19
2020,12,29,23.69
2020,12,30,22.7
2020,12,31,20.75
2021,1,1,20.88
2021,1,2,21.46
2021,1,3,22.99
2021,1,4,23.53
2021,1,5,23.37
2021,1,6,23.9
2021,1,7,23.49
2021,1,8,22.59
2021,1,9,21.8
2021,1,10,21.48
2021,1,11,21.36
2021,1,12,19.14
2021,1,13,19.32
2021,1,14,21.06
2021,1,15,21.56
2021,1,16,20.71
2021,1,17,20.7
2021,1,18,19.92
2021,1,19,20.04
2021,1,20,22.08
2021,1,21,23.05
2021,1,22,23.21
2021,1,23,23.65
2021,1,24,23.84
2021,1,25,24.11
2021,1,26,22.3
2021,1,27,23.65
2021,1,28,23.35
2021,1,29,21.65
2021,1,30,21.33
2021,1,31,22.94
2021,2,1,23.23
2021,2,2,21.76
2021,2,3,21.94
2021,2,4,22.39
2021,2,5,22.85
2021,2,6,23.25
2021,2,7,24.45
2021,2,8,24.61
2021,2,9,24.83
2021,2,10,24.45
2021,2,11,24.51
2021,2,12,23.79
2021,2,13,22.61
2021,2,14,21.84
2021,2,15,21.85
2021,2,16,22.4
2021,2,17,21.83
2021,2,18,21.6
2021,2,19,22
2021,2,20,21.61
2021,2,21,22.1
2021,2,22,21.78
2021,2,23,22.51
2021,2,24,23.29
2021,2,25,24.48
2021,2,26,25
2021,2,27,24.87
2021,2,28,25.44
2021,3,1,25.9
2021,3,2,26.3
2021,3,3,25.45
2021,3,4,25.6
2021,3,5,24.62
2021,3,6,24.62
2021,3,7,24.95
2021,3,8,24.98
2021,3,9,25.15
2021,3,10,25.89
2021,3,11,26.27
2021,3,12,25.93
2021,3,13,25.42
2021,3,14,25.48
2021,3,15,25.12
2021,3,16,25.58
2021,3,17,25.97
2021,3,18,26.73
2021,3,19,27.48
2021,3,20,27.68
2021,3,21,27.98
2021,3,22,26.94
2021,3,23,27.57
2021,3,24,28.06
2021,3,25,28.29
2021,3,26,28.23
2021,3,27,28.29
2021,3,28,28.52
2021,3,29,28.03
2021,3,30,27.86
2021,3,31,28.58
2021,4,1,28.12
2021,4,2,28.68
2021,4,3,28.58
2021,4,4,28.24
2021,4,5,28.43
2021,4,6,29.02
2021,4,7,29.03
2021,4,8,28.09
2021,4,9,27.98
2021,4,10,27.7
2021,4,11,27.49
2021,4,12,27.81
2021,4,13,28.6
2021,4,14,28.13
2021,4,15,26.97
2021,4,16,27.76
2021,4,17,27.79
2021,4,18,27.05
2021,4,19,26.95
2021,4,20,26.37
2021,4,21,26.05
2021,4,22,25.33
2021,4,23,25.07
2021,4,24,26.7
2021,4,25,25.63
2021,4,26,26.26
2021,4,27,25.51
2021,4,28,25.88
2021,4,29,25.77
2021,4,30,25.93
2021,5,1,25.92
2021,5,2,27.06
2021,5,3,27.29
2021,5,4,27.42
2021,5,5,26.58
2021,5,6,25.84
2021,5,7,26.97
2021,5,8,27
2021,5,9,26.97
2021,5,10,27.52
2021,5,11,27.65
2021,5,12,27.82
2021,5,13,28.4
2021,5,14,27
2021,5,15,28.14
2021,5,16,28.33
2021,5,17,25.99
2021,5,18,25.59
2021,5,19,26.07
2021,5,20,25.95
2021,5,21,25.7
2021,5,22,25.41
2021,5,23,25.19
2021,5,24,24.44
2021,5,25,24.62
2021,5,26,24.77
2021,5,27,24.96
2021,5,28,25.89
2021,5,29,26.25
2021,5,30,26.42
2021,5,31,26.18
2021,6,1,26.48
2021,6,2,25.93
2021,6,3,25.92
2021,6,4,26.91
2021,6,5,25.97
2021,6,6,25.72
2021,6,7,24.62
2021,6,8,23.95
2021,6,9,24.59
2021,6,10,24.36
2021,6,11,23.9
2021,6,12,23.73
2021,6,13,23.92
2021,6,14,25.16
2021,6,15,24.93
2021,6,16,24.42
2021,6,17,25.11
2021,6,18,25.09
2021,6,19,24.87
2021,6,20,25.27
2021,6,21,25.25
2021,6,22,25
2021,6,23,25.42
2021,6,24,25.07
2021,6,25,24.96
2021,6,26,25.11
2021,6,27,25.34
2021,6,28,25.48
2021,6,29,25.08
2021,6,30,24.74
2021,7,1,25.37
2021,7,2,25.9
2021,7,3,25.71
2021,7,4,25.59
2021,7,5,25.01
2021,7,6,24.33
2021,7,7,23.9
2021,7,8,24.12
2021,7,9,23.9
2021,7,10,25.12
2021,7,11,25.51
2021,7,12,25.24
2021,7,13,25.34
2021,7,14,24.64
2021,7,15,24.59
2021,7,16,24.7
2021,7,17,25.15
2021,7,18,24.8
2021,7,19,24.23
2021,7,20,25.02
2021,7,21,24.58
2021,7,22,25.01
2021,7,23,24.58
2021,7,24,24.8
2021,7,25,24.56
2021,7,26,25.31
2021,7,27,25.43
2021,7,28,24.69
2021,7,29,25.51
2021,7,30,25.36
2021,7,31,25.01
2021,8,1,25.29
2021,8,2,25.25
2021,8,3,25.3
2021,8,4,25.11
2021,8,5,25.37
2021,8,6,25
2021,8,7,25.62
2021,8,8,26.33
2021,8,9,25.92
2021,8,10,25.58
2021,8,11,25.65
2021,8,12,25.61
2021,8,13,25.15
2021,8,14,24.59
2021,8,15,25.06
2021,8,16,25.74
2021,8,17,25.7
2021,8,18,25.69
2021,8,19,24.9
2021,8,20,25.18
2021,8,21,25.23
2021,8,22,24.87
2021,8,23,24.7
2021,8,24,24.57
2021,8,25,24.12
2021,8,26,24.25
2021,8,27,24.12
2021,8,28,24.12
2021,8,29,24.69
2021,8,30,25.19
2021,8,31,24.58
2021,9,1,25.19
2021,9,2,24.97
2021,9,3,24.38
2021,9,4,23.73
2021,9,5,22.63
2021,9,6,24.01
2021,9,7,24.2
2021,9,8,24.51
2021,9,9,24.39
2021,9,10,24.31
2021,9,11,24.11
2021,9,12,24.36
2021,9,13,24.12
2021,9,14,23.85
2021,9,15,24.19
2021,9,16,24.49
2021,9,17,25.29
2021,9,18,25.49
2021,9,19,24
2021,9,20,24.14
2021,9,21,24.63
2021,9,22,24.31
2021,9,23,24.19
2021,9,24,24.46
2021,9,25,24.8
2021,9,26,24.81
2021,9,27,25.84
2021,9,28,25.99
2021,9,29,25.9
2021,9,30,25.13
2021,10,1,24.63
2021,10,2,23.84
2021,10,3,24.45
2021,10,4,25.46
2021,10,5,24.94
2021,10,6,23.73
2021,10,7,24.26
2021,10,8,24.91
2021,10,9,24.83
2021,10,10,25.16
2021,10,11,24.59
2021,10,12,23.53
2021,10,13,24.08
2021,10,14,25.01
2021,10,15,24.65
2021,10,16,23.31
2021,10,17,23.69
2021,10,18,24.62
2021,10,19,25.32
2021,10,20,24.87
2021,10,21,25.01
2021,10,22,25.05
2021,10,23,25.01
2021,10,24,24.67
2021,10,25,24.73
2021,10,26,24.82
2021,10,27,24.33
2021,10,28,25.08
2021,10,29,25.58
2021,10,30,24.82
2021,10,31,24.98
2021,11,1,25.48
2021,11,2,25.57
2021,11,3,24.88
2021,11,4,24.87
2021,11,5,24.96
2021,11,6,25.51
2021,11,7,26.04
2021,11,8,25.81
2021,11,9,24
2021,11,10,23.82
2021,11,11,23.58
2021,11,12,24.49
2021,11,13,24.82
2021,11,14,24.75
2021,11,15,24.77
2021,11,16,24.26
2021,11,17,24.43
2021,11,18,24.51
2021,11,19,25.11
2021,11,20,25.33
2021,11,21,25.21
2021,11,22,24.78
2021,11,23,24.51
2021,11,24,24.23
2021,11,25,24.18
2021,11,26,24.01
2021,11,27,23.27
2021,11,28,23.54
2021,11,29,23.34
2021,11,30,23.68
2021,12,1,22.93
2021,12,2,22.96
2021,12,3,21.9
2021,12,4,20.25
2021,12,5,21.66
2021,12,6,22.4
2021,12,7,21.95
2021,12,8,22.62
2021,12,9,23.06
2021,12,10,22.11
2021,12,11,22.12
2021,12,12,23.57
2021,12,13,23.26
2021,12,14,23.74
2021,12,15,24.45
2021,12,16,24.8
2021,12,17,24.15
2021,12,18,22.01
2021,12,19,23.26
2021,12,20,23.27
2021,12,21,23.9
2021,12,22,24.07
2021,12,23,23.44
2021,12,24,23.77
2021,12,25,23.81
2021,12,26,23.66
2021,12,27,23.47
2021,12,28,23.26
2021,12,29,23.64
2021,12,30,23.4
2021,12,31,22.53
2022,1,1,22.4
2022,1,2,23.18
2022,1,3,23.17
2022,1,4,23.62
2022,1,5,23.48
2022,1,6,24.11
2022,1,7,23.77
2022,1,8,23.26
2022,1,9,22.72
2022,1,10,23.56
2022,1,11,22.18
2022,1,12,21.44
2022,1,13,21.37
2022,1,14,21.16
2022,1,15,21.2
2022,1,16,21.51
2022,1,17,22.76
2022,1,18,22.51
2022,1,19,21.96
2022,1,20,22.54
2022,1,21,22.71
2022,1,22,22.7
2022,1,23,23.33
2022,1,24,24.17
2022,1,25,24.43
2022,1,26,23.76
2022,1,27,22.73
2022,1,28,23.62
2022,1,29,24.48
2022,1,30,23.98
2022,1,31,24.76
2022,2,1,24.69
2022,2,2,24.44
2022,2,3,24.94
2022,2,4,24.47
2022,2,5,23.88
2022,2,6,24.52
2022,2,7,25.26
2022,2,8,25.65
2022,2,9,25.18
2022,2,10,24.43
2022,2,11,25.02
2022,2,12,24.92
2022,2,13,25.79
2022,2,14,25.94
2022,2,15,25.22
2022,2,16,25.07
2022,2,17,25.21
2022,2,18,26.05
2022,2,19,26.37
2022,2,20,26.2
2022,2,21,25.12
2022,2,22,24.69
2022,2,23,24.26
2022,2,24,23.37
2022,2,25,24.94
2022,2,26,24.77
2022,2,27,25.77
2022,2,28,26.33
2022,3,1,26.48
2022,3,2,26.1
2022,3,3,26.96
2022,3,4,27.22
2022,3,5,26.55
2022,3,6,27.09
2022,3,7,27.56
2022,3,8,27.12
2022,3,9,27.55
2022,3,10,26.48
2022,3,11,25.98
2022,3,12,26.63
2022,3,13,27.84
2022,3,14,28.03
2022,3,15,28.07
2022,3,16,27.97
2022,3,17,27.6
2022,3,18,27.05
2022,3,19,27.15
2022,3,20,26.67
2022,3,21,25.21
2022,3,22,25.71
2022,3,23,25.74
2022,3,24,26.58
2022,3,25,25.96
2022,3,26,27.26
2022,3,27,26.5
2022,3,28,26.6
2022,3,29,26.79
2022,3,30,26.26
2022,3,31,23.9
2022,4,1,24.64
2022,4,2,25.06
2022,4,3,24.99
2022,4,4,24.76
2022,4,5,25.01
2022,4,6,25.66
2022,4,7,24.48
2022,4,8,25.05
2022,4,9,26.01
2022,4,10,26.15
2022,4,11,26.83
2022,4,12,26.17
2022,4,13,27.37
2022,4,14,26.99
2022,4,15,26.34
2022,4,16,26.01
2022,4,17,27.29
2022,4,18,28.43
2022,4,19,28.2
2022,4,20,27.26
2022,4,21,28.53
2022,4,22,28.89
2022,4,23,28.81
2022,4,24,27.95
2022,4,25,29.27
2022,4,26,28.29
2022,4,27,28.98
2022,4,28,27.83
2022,4,29,25.5
2022,4,30,25.69
2022,5,1,25
2022,5,2,25.62
2022,5,3,25.4
2022,5,4,25.8
2022,5,5,25.92
2022,5,6,26.68
2022,5,7,26.79
2022,5,8,26.57
2022,5,9,26.78
2022,5,10,27.9
2022,5,11,27.73
2022,5,12,26.65
2022,5,13,27.65
2022,5,14,26.87
2022,5,15,27.58
2022,5,16,26.31
2022,5,17,26.48
2022,5,18,24.72
2022,5,19,24.13
2022,5,20,25.1
2022,5,21,24.87
2022,5,22,24.23
2022,5,23,23.97
2022,5,24,25.3
2022,5,25,25.83
2022,5,26,24.41
2022,5,27,24.18
2022,5,28,23.49
2022,5,29,24.85
2022,5,30,25.27
2022,5,31,25.81
2022,6,1,25.34
2022,6,2,24.87
2022,6,3,24.98
2022,6,4,24.89
2022,6,5,25.15
2022,6,6,25.74
2022,6,7,25.98
2022,6,8,25.65
2022,6,9,26.33
2022,6,10,25.44
2022,6,11,25.72
2022,6,12,24.86
2022,6,13,25.41
2022,6,14,25.53
2022,6,15,25.55
2022,6,16,25.91
2022,6,17,25.89
2022,6,18,25.58
2022,6,19,25.15
2022,6,20,25.21
2022,6,21,24.88
2022,6,22,25.22
2022,6,23,24.8
2022,6,24,24.6
2022,6,25,24.9
2022,6,26,25.59
2022,6,27,25.55
2022,6,28,25.85
2022,6,29,25.62
2022,6,30,24.95
2022,7,1,24.32
2022,7,2,24.93
2022,7,3,25.4
2022,7,4,25.48
2022,7,5,24.95
2022,7,6,25.12
2022,7,7,25.4
2022,7,8,24.65
2022,7,9,23.97
2022,7,10,24.29
2022,7,11,23.68
2022,7,12,24.08
2022,7,13,24.64
2022,7,14,24.85
2022,7,15,25.23
2022,7,16,25.2
2022,7,17,24.99
2022,7,18,25.36
2022,7,19,25.13
2022,7,20,23.76
2022,7,21,23.48
2022,7,22,25.01
2022,7,23,25.87
2022,7,24,26.43
2022,7,25,26.2
2022,7,26,25.44
2022,7,27,25.79
2022,7,28,25.23
2022,7,29,25.62
2022,7,30,25.46
2022,7,31,24.57
2022,8,1,24.66
2022,8,2,24.9
2022,8,3,24.55
2022,8,4,24.97
2022,8,5,24.3
2022,8,6,24
2022,8,7,23.74
2022,8,8,22.71
2022,8,9,22.38
2022,8,10,23.69
2022,8,11,24.05
2022,8,12,25.07
2022,8,13,25.06
2022,8,14,24.77
2022,8,15,24.7
2022,8,16,24.81
2022,8,17,24.98
2022,8,18,24.87
2022,8,19,24.58
2022,8,20,24.63
2022,8,21,25.19
2022,8,22,25.56
2022,8,23,24.75
2022,8,24,24.71
2022,8,25,24.48
2022,8,26,24.76
2022,8,27,25.23
2022,8,28,25.76
2022,8,29,25.59
2022,8,30,25.93
2022,8,31,25.81
2022,9,1,26.3
2022,9,2,25.95
2022,9,3,25.07
2022,9,4,25.15
2022,9,5,24.52
2022,9,6,23.94
2022,9,7,23.71
2022,9,8,24.12
2022,9,9,25.3
2022,9,10,25.3
2022,9,11,24.98
2022,9,12,24.65
2022,9,13,25.04
2022,9,14,24.61
2022,9,15,24.23
2022,9,16,24.65
2022,9,17,24.51
2022,9,18,24.18
2022,9,19,24.76
2022,9,20,24.11
2022,9,21,24.3
2022,9,22,24.69
2022,9,23,24.87
2022,9,24,24.86
2022,9,25,24.03
2022,9,26,23.26
2022,9,27,23.23
2022,9,28,23.79
2022,9,29,24.38
2022,9,30,24.22
2022,10,1,24.76
2022,10,2,24.95
2022,10,3,25.01
2022,10,4,24.08
2022,10,5,24.48
2022,10,6,24.23
2022,10,7,25.3
2022,10,8,24.96
2022,10,9,24.57
2022,10,10,24.87
2022,10,11,24.05
2022,10,12,25.34
2022,10,13,24.13
2022,10,14,23.36
2022,10,15,23.68
2022,10,16,24.93
2022,10,17,24.24
2022,10,18,24.76
2022,10,19,24.48
2022,10,20,24.68
2022,10,21,24.69
2022,10,22,25.06
2022,10,23,24.93
2022,10,24,25.12
2022,10,25,24.19
2022,10,26,24.94
2022,10,27,24.58
2022,10,28,24.71
2022,10,29,24.55
2022,10,30,25.06
2022,10,31,24.48
2022,11,1,24.22
2022,11,2,23.49
2022,11,3,23.43
2022,11,4,24.12
2022,11,5,23.49
2022,11,6,24.3
2022,11,7,24.27
2022,11,8,24.92
2022,11,9,24.15
2022,11,10,25.08
2022,11,11,24.28
2022,11,12,24.31
2022,11,13,24.31
2022,11,14,23.83
2022,11,15,25.03
2022,11,16,25.23
2022,11,17,25.58
2022,11,18,24.35
2022,11,19,23.71
2022,11,20,23.17
2022,11,21,24.33
2022,11,22,23.7
2022,11,23,24.07
2022,11,24,23.17
2022,11,25,24.02
2022,11,26,24
2022,11,27,24.34
2022,11,28,24.94
2022,11,29,24.89
2022,11,30,24.88
2022,12,1,24.65
2022,12,2,22.81
2022,12,3,23.76
2022,12,4,22.66
2022,12,5,23.68
2022,12,6,24.1
2022,12,7,23.71
2022,12,8,25.25
2022,12,9,24.26
2022,12,10,23.25
2022,12,11,23.87
2022,12,12,22.57
2022,12,13,20.74
2022,12,14,21.91
2022,12,15,22.24
2022,12,16,24.06
2022,12,17,23.55
2022,12,18,21.73
2022,12,19,21.86
2022,12,20,22.9
2022,12,21,23.49
2022,12,22,22.01
2022,12,23,20.01
2022,12,24,19.54
2022,12,25,19.94
2022,12,26,20.08
2022,12,27,20.83
2022,12,28,21.69
2022,12,29,22.72
2022,12,30,22.28
2022,12,31,20.69
2023,1,1,22.39
2023,1,2,23.01
2023,1,3,22.76
2023,1,4,22.99
2023,1,5,22.4
2023,1,6,22.15
2023,1,7,22.4
2023,1,8,22.94
2023,1,9,22.98
2023,1,10,23.26
2023,1,11,23.22
2023,1,12,23.65
2023,1,13,24.26
2023,1,14,24.92
2023,1,15,24.62
2023,1,16,22.41
2023,1,17,22.1
2023,1,18,22.33
2023,1,19,21.77
2023,1,20,22.8
2023,1,21,23.43
2023,1,22,24.84
2023,1,23,24.26
2023,1,24,23.83
2023,1,25,22.15
2023,1,26,22.63
2023,1,27,23.23
2023,1,28,22.19
2023,1,29,20.66
2023,1,30,21.44
2023,1,31,22.76
2023,2,1,23.94
2023,2,2,25.1
2023,2,3,25.06
2023,2,4,24.62
2023,2,5,24.08
2023,2,6,24.47
2023,2,7,25.18
2023,2,8,25.06
2023,2,9,24.92
2023,2,10,24.28
2023,2,11,24.01
2023,2,12,24.47
2023,2,13,24.69
2023,2,14,24.89
2023,2,15,23.87
2023,2,16,23.57
2023,2,17,24.58
2023,2,18,25.19
2023,2,19,25.04
2023,2,20,24.26
2023,2,21,23.83
2023,2,22,24.37
2023,2,23,24.59
2023,2,24,23.56
2023,2,25,22.51
2023,2,26,22.86
2023,2,27,24.59
2023,2,28,25.45
2023,3,1,24.53
